branchNo,branch_fbus,branch_tbus,branch_b,branch_rateA,branch_rateC
1, 7351, 5441, -1250.0000, 0, 0
2, 4314, 7571, -59.8802, 319, 0
3, 5803, 3916, -232.5581, 0, 0
4, 6757, 6036, -400.0000, 657, 0
5, 6757, 6921, -263.1579, 1315, 0
6, 5019, 9112, -1666.6667, 0, 0
7, 2930, 9112, -1428.5714, 0, 0
8, 1436, 9112, -1666.6667, 0, 0
9, 1851, 9112, -1666.6667, 0, 0
10, 8331, 9112, -1666.6667, 0, 0
11, 6220, 8791, -204.0816, 529, 0
12, 9203, 7842, -1250.0000, 887, 0
13, 9203, 8997, -161.2903, 1611, 0
14, 9203, 2129, -133.3333, 0, 0
15, 9203, 29, -113.6364, 1315, 0
16, 118, 8903, -1111.1111, 657, 0
17, 118, 4598, -138.8889, 953, 0
18, 2426, 5533, -500.0000, 319, 0
19, 2426, 4831, -26.5252, 300, 0
20, 2426, 8961, -47.3934, 0, 0
21, 2426, 8522, -27.7778, 300, 0
22, 2426, 6888, -26.9542, 0, 0
23, 2426, 3401, -149.2537, 414, 0
24, 2426, 641, -112.3596, 0, 0
25, 2426, 2600, -322.5806, 0, 0
26, 2426, 5351, -57.1429, 300, 0
27, 3051, 718, -5000.0000, 510, 0
28, 3036, 2327, -1428.5714, 357, 0
29, 8651, 7473, -31.1526, 395, 0
30, 8651, 7473, -34.0136, 376, 0
31, 903, 3654, -2500.0000, 0, 0
32, 8732, 7050, -714.2857, 472, 0
33, 8732, 3912, -1428.5714, 453, 0
34, 2273, 1973, -1666.6667, 338, 0
35, 5131, 2928, -1111.1111, 0, 0
36, 6629, 4918, -72.9927, 319, 0
37, 6629, 7309, -85.4701, 0, 0
38, 413, 1102, -1666.6667, 433, 0
39, 413, 1102, -1666.6667, 395, 0
40, 3248, 4918, -238.0952, 472, 0
41, 3248, 4281, -53.4759, 453, 0
42, 3248, 7309, -294.1176, 0, 0
43, 1146, 1187, -78.1250, 281, 0
44, 1146, 7945, -294.1176, 0, 0
45, 8900, 2421, -833.3333, 0, 0
46, 6071, 2972, -27.5482, 376, 0
47, 6071, 6031, -84.0336, 472, 0
48, 3293, 7264, -90.0901, 414, 0
49, 3293, 283, -129.8701, 376, 0
50, 3293, 3069, -30.2115, 395, 0
51, 3293, 3390, -98.0392, 357, 0
52, 4689, 4936, -322.5806, 0, 0
53, 4689, 4936, -312.5000, 0, 0
54, 3218, 7809, -52.3560, 281, 0
55, 3218, 5455, -18.7970, 319, 0
56, 3218, 1857, -65.3595, 0, 0
57, 6806, 5410, -250.0000, 395, 0
58, 6806, 5410, -270.2703, 338, 0
59, 6806, 1609, -128.2051, 414, 0
60, 6806, 1609, -128.2051, 472, 0
61, 6806, 1609, -128.2051, 0, 0
62, 6806, 2438, -312.5000, 0, 0
63, 6806, 954, -370.3704, 414, 0
64, 9140, 502, -80.0000, 491, 0
65, 9140, 3013, -138.8889, 0, 0
66, 9140, 2949, -114.9425, 395, 0
67, 9140, 2949, -116.2791, 433, 0
68, 9140, 2949, -117.6471, 433, 0
69, 7070, 2208, -1250.0000, 281, 0
70, 7070, 8060, -833.3333, 281, 0
71, 7070, 4484, -769.2308, 376, 0
72, 7070, 4239, -285.7143, 433, 0
73, 8535, 7047, -1428.5714, 0, 0
74, 5477, 3657, -833.3333, 491, 0
75, 5477, 2928, -400.0000, 433, 0
76, 3145, 2918, -47.3934, 0, 0
77, 7770, 5317, -212.7660, 357, 0
78, 7770, 5317, -200.0000, 319, 0
79, 3, 8676, -113.6364, 0, 0
80, 3, 8189, -23.5849, 395, 0
81, 7267, 2938, -125.0000, 723, 0
82, 7267, 2938, -126.5823, 657, 0
83, 7267, 3918, -46.9484, 986, 0
84, 7267, 3918, -48.0769, 854, 0
85, 7267, 6581, -69.9301, 1151, 0
86, 7267, 6581, -71.4286, 723, 0
87, 7267, 3830, -68.9655, 1118, 0
88, 7267, 5648, -66.2252, 1052, 0
89, 7267, 5648, -52.6316, 1282, 0
90, 4918, 4907, -28.0899, 472, 0
91, 4918, 5957, -20.9205, 433, 0
92, 4918, 5233, -29.5858, 281, 0
93, 6854, 7309, -5000.0000, 510, 0
94, 8311, 3680, -434.7826, 0, 0
95, 2770, 8804, -232.5581, 433, 0
96, 9241, 8804, -238.0952, 0, 0
97, 3083, 7124, -232.5581, 510, 0
98, 3083, 7124, -212.7660, 453, 0
99, 3083, 8873, -196.0784, 338, 0
100, 1566, 7582, -76.9231, 0, 0
101, 1566, 3541, -78.7402, 0, 0
102, 8683, 3698, -1000.0000, 0, 0
103, 8683, 3698, -1111.1111, 0, 0
104, 8683, 2801, -80.6452, 281, 0
105, 8683, 8328, -476.1905, 472, 0
106, 8683, 8511, -714.2857, 529, 0
107, 8683, 6570, -70.9220, 529, 0
108, 8683, 6570, -76.9231, 529, 0
109, 8683, 8975, -416.6667, 0, 0
110, 8683, 216, -200.0000, 338, 0
111, 8683, 2961, -1428.5714, 529, 0
112, 8683, 6773, -5000.0000, 0, 0
113, 8683, 5278, -5000.0000, 0, 0
114, 3768, 2751, -1111.1111, 0, 0
115, 2276, 5546, -128.2051, 0, 0
116, 2276, 6816, -84.7458, 319, 0
117, 7766, 444, -94.3396, 0, 0
118, 7766, 5334, -98.0392, 0, 0
119, 839, 3918, -476.1905, 756, 0
120, 839, 809, -322.5806, 1282, 0
121, 4506, 2286, -31.4465, 376, 0
122, 4506, 6802, -129.8701, 338, 0
123, 4506, 3520, -35.9712, 300, 0
124, 7273, 6271, -30.2115, 281, 0
125, 7273, 1435, -22.4719, 0, 0
126, 7273, 7148, -12.9199, 338, 0
127, 7273, 7437, -21.3220, 357, 0
128, 6104, 871, -384.6154, 357, 0
129, 7580, 871, -416.6667, 0, 0
130, 1188, 1539, -14.9254, 281, 0
131, 1188, 8515, -17.7936, 281, 0
132, 3971, 4084, -588.2353, 0, 0
133, 3971, 4084, -588.2353, 0, 0
134, 6845, 5340, -2500.0000, 0, 0
135, 8294, 5814, -192.3077, 0, 0
136, 7115, 6807, -107.5269, 319, 0
137, 619, 6791, -1428.5714, 0, 0
138, 5418, 4908, -1250.0000, 0, 0
139, 5120, 6816, -71.4286, 300, 0
140, 6692, 9158, -30.1205, 281, 0
141, 6692, 8035, -31.9489, 300, 0
142, 3445, 2848, -149.2537, 1480, 0
143, 3445, 7056, -131.5789, 1414, 0
144, 3445, 7056, -163.9344, 821, 0
145, 3445, 1642, -55.8659, 0, 0
146, 3445, 4594, -208.3333, 1545, 0
147, 6114, 1692, -238.0952, 338, 0
148, 6114, 8190, -232.5581, 0, 0
149, 6114, 5836, -48.7805, 472, 0
150, 6114, 3191, -59.1716, 510, 0
151, 6114, 5300, -70.9220, 0, 0
152, 6114, 4889, -24.5098, 357, 0
153, 7264, 444, -60.9756, 453, 0
154, 7264, 4747, -64.5161, 0, 0
155, 7982, 9011, -833.3333, 472, 0
156, 7982, 6675, -625.0000, 453, 0
157, 7982, 6909, -909.0909, 376, 0
158, 7982, 8835, -312.5000, 472, 0
159, 7982, 4186, -833.3333, 0, 0
160, 1604, 502, -714.2857, 376, 0
161, 2842, 502, -625.0000, 338, 0
162, 1354, 513, -121.9512, 281, 0
163, 1354, 502, -200.0000, 491, 0
164, 891, 3697, -217.3913, 1809, 0
165, 891, 3697, -222.2222, 1776, 0
166, 8312, 7541, -100.0000, 1348, 0
167, 8312, 7541, -98.0392, 986, 0
168, 6306, 4826, -2500.0000, 529, 0
169, 4826, 4418, -2000.0000, 0, 0
170, 4826, 1605, -3333.3333, 0, 0
171, 4826, 6952, -51.5464, 433, 0
172, 4826, 7124, -15.5763, 414, 0
173, 9128, 217, -357.1429, 357, 0
174, 7014, 217, -256.4103, 0, 0
175, 720, 5350, -56.1798, 1183, 0
176, 720, 5350, -54.9451, 1151, 0
177, 1711, 639, -88.4956, 376, 0
178, 1711, 639, -86.9565, 395, 0
179, 1711, 9130, -97.0874, 414, 0
180, 1711, 9130, -82.6446, 453, 0
181, 8209, 1998, -2000.0000, 0, 0
182, 8209, 7974, -714.2857, 0, 0
183, 1035, 8180, -62.5000, 0, 0
184, 1035, 7466, -17.6678, 357, 0
185, 1035, 305, -227.2727, 300, 0
186, 1035, 305, -222.2222, 281, 0
187, 1035, 5106, -112.3596, 453, 0
188, 1035, 5106, -142.8571, 491, 0
189, 2527, 8466, -185.1852, 433, 0
190, 8669, 8893, -357.1429, 357, 0
191, 6206, 7691, -53.1915, 1315, 0
192, 6206, 6624, -69.9301, 1545, 0
193, 3240, 8158, -138.8889, 338, 0
194, 3240, 8795, -42.0168, 300, 0
195, 3240, 4143, -232.5581, 0, 0
196, 3240, 2797, -30.4878, 453, 0
197, 3240, 6331, -86.9565, 338, 0
198, 3240, 6384, -90.9091, 376, 0
199, 3240, 7523, -108.6957, 319, 0
200, 3240, 2889, -434.7826, 0, 0
201, 3240, 6887, -55.5556, 472, 0
202, 1249, 4541, -140.8451, 1216, 0
203, 819, 7523, -294.1176, 0, 0
204, 2304, 4353, -123.4568, 338, 0
205, 2304, 4816, -69.4444, 491, 0
206, 9174, 6246, -119.0476, 1151, 0
207, 9174, 6246, -116.2791, 1085, 0
208, 9174, 5658, -75.1880, 1677, 0
209, 9174, 5658, -62.5000, 1249, 0
210, 2924, 3645, -500.0000, 0, 0
211, 2924, 3645, -500.0000, 0, 0
212, 59, 5764, -50.7614, 472, 0
213, 59, 2360, -57.8035, 529, 0
214, 6510, 9033, -909.0909, 395, 0
215, 6510, 5918, -71.4286, 395, 0
216, 6510, 5918, -80.0000, 433, 0
217, 1275, 2850, -243.9024, 0, 0
218, 6426, 4110, -28.5714, 0, 0
219, 6426, 3558, -32.6797, 0, 0
220, 1758, 2816, -161.2903, 0, 0
221, 1758, 352, -138.8889, 1743, 0
222, 1758, 6581, -128.2051, 854, 0
223, 1758, 1923, -57.8035, 723, 0
224, 1758, 5837, -87.7193, 0, 0
225, 1758, 3830, -53.1915, 1151, 0
226, 1758, 3577, -263.1579, 756, 0
227, 8030, 1794, -153.8462, 1447, 0
228, 8030, 7808, -151.5152, 0, 0
229, 8030, 6581, -131.5789, 854, 0
230, 8030, 1923, -62.5000, 821, 0
231, 8030, 5837, -86.2069, 0, 0
232, 8030, 5648, -54.3478, 1249, 0
233, 8030, 3577, -263.1579, 854, 0
234, 4615, 171, -82.6446, 395, 0
235, 3137, 2341, -2500.0000, 0, 0
236, 6271, 8787, -40.4858, 319, 0
237, 6252, 9137, -24.1546, 433, 0
238, 5533, 7133, -69.9301, 338, 0
239, 8361, 4355, -2500.0000, 281, 0
240, 8361, 2928, -1000.0000, 357, 0
241, 609, 1341, -58.1395, 376, 0
242, 609, 5419, -250.0000, 395, 0
243, 609, 5419, -243.9024, 395, 0
244, 609, 2079, -41.6667, 472, 0
245, 609, 772, -52.0833, 357, 0
246, 3654, 2928, -833.3333, 376, 0
247, 1355, 7282, -34.2466, 0, 0
248, 1355, 2197, -65.3595, 1381, 0
249, 1355, 7640, -64.1026, 1513, 0
250, 1355, 1081, -36.2319, 1282, 0
251, 1355, 1081, -37.7358, 1480, 0
252, 1355, 2359, -108.6957, 1315, 0
253, 1355, 4196, -58.8235, 657, 0
254, 5856, 8546, -90.9091, 0, 0
255, 5856, 5987, -34.4828, 395, 0
256, 5856, 8005, -32.8947, 0, 0
257, 5856, 3925, -30.6748, 338, 0
258, 5856, 3324, -23.8663, 453, 0
259, 5856, 4748, -94.3396, 357, 0
260, 8265, 4816, -384.6154, 0, 0
261, 6151, 6313, -303.0303, 357, 0
262, 4005, 6532, -56.8182, 376, 0
263, 4005, 2177, -22.9885, 357, 0
264, 5723, 2079, -50.0000, 0, 0
265, 5723, 789, -53.4759, 491, 0
266, 2327, 9189, -769.2308, 395, 0
267, 2327, 3400, -666.6667, 0, 0
268, 207, 4747, -74.6269, 376, 0
269, 207, 7791, -175.4386, 472, 0
270, 3205, 6735, -2500.0000, 657, 0
271, 3205, 666, -111.1111, 1282, 0
272, 3205, 666, -113.6364, 1447, 0
273, 3205, 4435, -29.4985, 1282, 0
274, 3205, 1644, -126.5823, 0, 0
275, 3205, 3483, -119.0476, 1216, 0
276, 4683, 7989, -833.3333, 0, 0
277, 4683, 6516, -909.0909, 0, 0
278, 4683, 7697, -833.3333, 0, 0
279, 4683, 416, -40.9836, 529, 0
280, 4683, 2847, -89.2857, 395, 0
281, 4683, 2563, -92.5926, 491, 0
282, 4683, 2563, -94.3396, 472, 0
283, 4683, 2995, -51.0204, 281, 0
284, 5691, 1001, -10.4712, 510, 0
285, 5691, 4426, -13.5135, 414, 0
286, 5350, 2721, -149.2537, 1447, 0
287, 5350, 2721, -151.5152, 1480, 0
288, 2361, 4936, -104.1667, 529, 0
289, 2361, 5179, -84.0336, 510, 0
290, 2044, 4748, -526.3158, 0, 0
291, 4197, 5522, -454.5455, 0, 0
292, 5699, 8670, -416.6667, 0, 0
293, 7809, 5110, -58.8235, 357, 0
294, 7222, 4816, -32.2581, 0, 0
295, 4402, 3817, -3333.3333, 0, 0
296, 6857, 2732, -138.8889, 986, 0
297, 6857, 4550, -151.5152, 821, 0
298, 6857, 4339, -65.7895, 1183, 0
299, 6857, 7513, -64.5161, 854, 0
300, 5016, 26, -163.9344, 1414, 0
301, 5016, 9213, -200.0000, 1249, 0
302, 6112, 9002, -74.6269, 491, 0
303, 6112, 6231, -67.1141, 414, 0
304, 6112, 883, -52.6316, 414, 0
305, 6112, 5738, -73.5294, 376, 0
306, 8860, 7700, -105.2632, 395, 0
307, 8860, 9002, -86.9565, 395, 0
308, 8860, 5990, -17.3010, 0, 0
309, 8860, 6450, -71.9424, 300, 0
310, 8860, 7726, -136.9863, 414, 0
311, 2489, 4110, -256.4103, 529, 0
312, 3985, 6376, -51.8135, 0, 0
313, 3985, 4110, -227.2727, 529, 0
314, 3985, 4829, -28.4091, 510, 0
315, 3985, 7857, -217.3913, 414, 0
316, 2806, 7857, -217.3913, 0, 0
317, 2489, 9012, -172.4138, 0, 0
318, 2489, 2231, -185.1852, 0, 0
319, 658, 3793, -33.1126, 472, 0
320, 658, 8497, -41.4938, 510, 0
321, 658, 8497, -40.6504, 529, 0
322, 3502, 9002, -1111.1111, 395, 0
323, 3502, 9002, -1000.0000, 414, 0
324, 6313, 44, -45.0450, 453, 0
325, 6313, 7582, -44.2478, 0, 0
326, 5944, 8808, -625.0000, 0, 0
327, 3183, 8515, -93.4579, 300, 0
328, 1005, 8515, -102.0408, 0, 0
329, 8787, 1448, -81.3008, 529, 0
330, 6636, 9051, -1250.0000, 0, 0
331, 9109, 9051, -1428.5714, 0, 0
332, 6961, 6376, -45.6621, 0, 0
333, 6961, 8818, -58.8235, 338, 0
334, 5077, 4353, -769.2308, 0, 0
335, 7471, 5241, -61.3497, 723, 0
336, 7471, 8200, -1666.6667, 1710, 0
337, 549, 6290, -40.8163, 472, 0
338, 549, 2291, -45.6621, 319, 0
339, 549, 3656, -96.1538, 472, 0
340, 5002, 4144, -18.6916, 395, 0
341, 1888, 5441, -344.8276, 529, 0
342, 1888, 5441, -333.3333, 529, 0
343, 5490, 4970, -156.2500, 0, 0
344, 5490, 4970, -151.5152, 0, 0
345, 5490, 4970, -136.9863, 1776, 0
346, 5490, 5461, -114.9425, 1710, 0
347, 5490, 7778, -92.5926, 1842, 0
348, 5490, 6897, -90.9091, 1809, 0
349, 3075, 4562, -196.0784, 300, 0
350, 564, 8475, -40.9836, 0, 0
351, 564, 2252, -60.6061, 453, 0
352, 564, 7903, -21.2314, 0, 0
353, 4331, 1857, -5000.0000, 0, 0
354, 2877, 3674, -185.1852, 0, 0
355, 2854, 1081, -21.3675, 920, 0
356, 2854, 8267, -68.0272, 986, 0
357, 9112, 9176, -58.1395, 0, 0
358, 9112, 1422, -14.4092, 376, 0
359, 9112, 8515, -57.4713, 338, 0
360, 9112, 8515, -60.2410, 433, 0
361, 9112, 5051, -17.7620, 319, 0
362, 9112, 1051, -57.1429, 357, 0
363, 9112, 1397, -64.9351, 0, 0
364, 9112, 1584, -30.2115, 376, 0
365, 6168, 6888, -59.1716, 0, 0
366, 7653, 3019, -5000.0000, 0, 0
367, 7341, 7098, -140.8451, 357, 0
368, 4701, 8267, -1000.0000, 657, 0
369, 1672, 5365, -1000.0000, 0, 0
370, 3880, 5365, -1000.0000, 0, 0
371, 6648, 5365, -1000.0000, 0, 0
372, 3609, 5365, -1000.0000, 0, 0
373, 2782, 5365, -909.0909, 0, 0
374, 1844, 5365, -1000.0000, 0, 0
375, 4353, 6053, -81.3008, 281, 0
376, 2166, 5237, -526.3158, 395, 0
377, 2166, 2886, -93.4579, 414, 0
378, 1043, 3513, -5000.0000, 0, 0
379, 4049, 883, -3333.3333, 0, 0
380, 4520, 883, -3333.3333, 0, 0
381, 1704, 5814, -26.3852, 453, 0
382, 8107, 1486, -1666.6667, 0, 0
383, 5664, 5522, -243.9024, 338, 0
384, 4482, 8670, -250.0000, 300, 0
385, 8795, 7523, -76.3359, 300, 0
386, 2337, 6430, -60.6061, 433, 0
387, 455, 7775, -36.9004, 453, 0
388, 455, 3857, -20.5761, 529, 0
389, 455, 333, -16.9492, 529, 0
390, 455, 6940, -33.8983, 472, 0
391, 8225, 3656, -188.6792, 0, 0
392, 5413, 7752, -54.9451, 0, 0
393, 5413, 1940, -93.4579, 0, 0
394, 5413, 4234, -23.9808, 0, 0
395, 2591, 6828, -16.6945, 0, 0
396, 2591, 7571, -39.3701, 491, 0
397, 2591, 7571, -53.4759, 0, 0
398, 2591, 7571, -45.6621, 472, 0
399, 2591, 7994, -22.7273, 300, 0
400, 2591, 7226, -55.2486, 357, 0
401, 2591, 1554, -36.1011, 319, 0
402, 9011, 1156, -250.0000, 510, 0
403, 8689, 5502, -112.3596, 300, 0
404, 3085, 8873, -74.6269, 414, 0
405, 1568, 980, -2000.0000, 300, 0
406, 3204, 3331, -86.2069, 0, 0
407, 3557, 639, -144.9275, 414, 0
408, 3557, 4936, -82.6446, 414, 0
409, 416, 3492, -32.1543, 338, 0
410, 416, 7937, -41.8410, 414, 0
411, 3255, 1262, -56.1798, 0, 0
412, 3255, 1803, -1666.6667, 0, 0
413, 7373, 367, -61.7284, 0, 0
414, 4251, 2132, -37.0370, 319, 0
415, 4251, 2132, -35.5872, 453, 0
416, 4251, 5567, -98.0392, 433, 0
417, 6376, 1808, -37.3134, 300, 0
418, 6376, 1808, -36.6300, 319, 0
419, 6376, 7857, -59.1716, 300, 0
420, 9185, 7289, -129.8701, 357, 0
421, 9185, 3999, -1428.5714, 414, 0
422, 8653, 2303, -140.8451, 376, 0
423, 908, 6474, -526.3158, 433, 0
424, 7030, 6474, -476.1905, 0, 0
425, 4205, 6556, -588.2353, 0, 0
426, 7325, 6556, -588.2353, 0, 0
427, 5857, 3391, -119.0476, 281, 0
428, 5857, 3760, -161.2903, 433, 0
429, 3707, 8765, -769.2308, 414, 0
430, 900, 6619, -714.2857, 0, 0
431, 2918, 8109, -55.5556, 1776, 0
432, 2918, 8109, -66.2252, 0, 0
433, 6532, 2177, -15.6986, 0, 0
434, 6532, 5317, -13.6240, 510, 0
435, 6532, 608, -28.9855, 414, 0
436, 6532, 608, -31.5457, 357, 0
437, 4494, 8763, -72.4638, 1447, 0
438, 4494, 7056, -75.1880, 1480, 0
439, 6828, 5814, -38.3142, 0, 0
440, 3670, 21, -714.2857, 319, 0
441, 5137, 7702, -166.6667, 0, 0
442, 1334, 7702, -169.4915, 0, 0
443, 8448, 7624, -126.5823, 319, 0
444, 8448, 1129, -41.6667, 453, 0
445, 8448, 3070, -46.7290, 300, 0
446, 8448, 306, -96.1538, 414, 0
447, 8448, 306, -94.3396, 376, 0
448, 8448, 7491, -39.3701, 0, 0
449, 4685, 2089, -1250.0000, 281, 0
450, 7485, 6253, -833.3333, 281, 0
451, 7485, 1562, -1250.0000, 0, 0
452, 7776, 1644, -222.2222, 1842, 0
453, 5971, 3483, -227.2727, 0, 0
454, 2786, 1644, -204.0816, 0, 0
455, 972, 3483, -196.0784, 0, 0
456, 8906, 923, -1111.1111, 0, 0
457, 8906, 4914, -1000.0000, 395, 0
458, 2656, 9101, -46.2963, 657, 0
459, 2656, 7164, -43.1034, 1776, 0
460, 3519, 9101, -45.4545, 657, 0
461, 3519, 7164, -42.1941, 657, 0
462, 1775, 9137, -85.4701, 281, 0
463, 1775, 9137, -104.1667, 453, 0
464, 5641, 1026, -13.0208, 319, 0
465, 5641, 9137, -106.3830, 491, 0
466, 1096, 2889, -555.5556, 0, 0
467, 7380, 2732, -42.5532, 1183, 0
468, 7380, 4787, -1000.0000, 1052, 0
469, 3543, 5308, -123.4568, 1513, 0
470, 3543, 3830, -149.2537, 0, 0
471, 2372, 1027, -133.3333, 1381, 0
472, 2372, 5648, -158.7302, 0, 0
473, 367, 1172, -113.6364, 529, 0
474, 367, 9191, -161.2903, 529, 0
475, 367, 8722, -161.2903, 529, 0
476, 1833, 3610, -263.1579, 472, 0
477, 1833, 3610, -312.5000, 433, 0
478, 1833, 3962, -113.6364, 0, 0
479, 1833, 1838, -217.3913, 357, 0
480, 1833, 2230, -222.2222, 0, 0
481, 5388, 2467, -65.3595, 414, 0
482, 5388, 2467, -64.1026, 414, 0
483, 6110, 8853, -172.4138, 510, 0
484, 6110, 1001, -58.8235, 529, 0
485, 7583, 1808, -84.0336, 281, 0
486, 7583, 2889, -32.2581, 281, 0
487, 26, 6624, -29.4118, 1545, 0
488, 26, 2479, -41.3223, 1052, 0
489, 26, 4598, -68.4932, 0, 0
490, 26, 4231, -101.0101, 1513, 0
491, 26, 5144, -208.3333, 1348, 0
492, 26, 5144, -250.0000, 1216, 0
493, 7691, 2479, -58.1395, 1282, 0
494, 7691, 2129, -67.1141, 887, 0
495, 7691, 9213, -294.1176, 1249, 0
496, 7691, 9213, -400.0000, 1480, 0
497, 7691, 4231, -103.0928, 1809, 0
498, 7691, 3513, -212.7660, 1282, 0
499, 7691, 3513, -250.0000, 1216, 0
500, 1876, 3906, -196.0784, 1118, 0
501, 113, 3906, -200.0000, 1315, 0
502, 7752, 3758, -43.8596, 300, 0
503, 7752, 3758, -48.5437, 281, 0
504, 7752, 3758, -49.2611, 0, 0
505, 4952, 8976, -93.4579, 338, 0
506, 4952, 8189, -51.2821, 281, 0
507, 6119, 7886, -17.6056, 0, 0
508, 6119, 4544, -64.9351, 510, 0
509, 6119, 4544, -66.2252, 0, 0
510, 7905, 3697, -61.7284, 1578, 0
511, 7905, 7541, -222.2222, 887, 0
512, 7905, 7541, -256.4103, 1019, 0
513, 7905, 4141, -86.9565, 887, 0
514, 7905, 4141, -84.7458, 887, 0
515, 7905, 3022, -66.6667, 1447, 0
516, 1768, 163, -79.3651, 395, 0
517, 4245, 2425, -833.3333, 357, 0
518, 3698, 5297, -1428.5714, 357, 0
519, 750, 8328, -833.3333, 414, 0
520, 750, 870, -666.6667, 472, 0
521, 750, 2961, -1428.5714, 433, 0
522, 3499, 7988, -147.0588, 821, 0
523, 3499, 2197, -82.6446, 1315, 0
524, 3499, 7640, -84.7458, 1348, 0
525, 3499, 4231, -103.0928, 1085, 0
526, 3499, 5144, -77.5194, 1151, 0
527, 3499, 3513, -78.7402, 821, 0
528, 7289, 3999, -147.0588, 357, 0
529, 3018, 1051, -3333.3333, 338, 0
530, 2702, 3435, -1428.5714, 300, 0
531, 9131, 2020, -1428.5714, 0, 0
532, 6308, 6684, -1000.0000, 0, 0
533, 4831, 3680, -27.1739, 0, 0
534, 5410, 2751, -43.4783, 319, 0
535, 3082, 4623, -78.7402, 1118, 0
536, 3082, 4339, -101.0101, 1381, 0
537, 3082, 5288, -3333.3333, 657, 0
538, 3082, 5421, -1250.0000, 657, 0
539, 3082, 6475, -48.7805, 1513, 0
540, 3082, 8468, -65.7895, 1183, 0
541, 6224, 2732, -55.2486, 1513, 0
542, 6224, 7513, -89.2857, 1644, 0
543, 6224, 6475, -58.4795, 0, 0
544, 2174, 4623, -77.5194, 1216, 0
545, 2174, 4550, -57.4713, 1545, 0
546, 2174, 6475, -51.5464, 1677, 0
547, 2083, 9231, -62.1118, 319, 0
548, 2083, 9231, -67.5676, 453, 0
549, 2083, 9231, -57.8035, 376, 0
550, 2083, 4054, -1250.0000, 0, 0
551, 2083, 3481, -32.8947, 395, 0
552, 2083, 3602, -100.0000, 0, 0
553, 2083, 2794, -384.6154, 0, 0
554, 2083, 2794, -454.5455, 0, 0
555, 2083, 8467, -25.2525, 395, 0
556, 2083, 1136, -153.8462, 0, 0
557, 2083, 22, -151.5152, 0, 0
558, 8853, 1001, -43.8596, 529, 0
559, 8853, 4950, -25.5754, 0, 0
560, 8853, 4410, -33.4448, 281, 0
561, 8853, 6697, -62.1118, 338, 0
562, 8853, 1159, -92.5926, 338, 0
563, 8853, 7165, -38.0228, 414, 0
564, 2938, 2848, -181.8182, 756, 0
565, 2938, 2848, -185.1852, 657, 0
566, 2938, 7522, -72.9927, 1677, 0
567, 2938, 7522, -64.1026, 1447, 0
568, 2938, 1642, -45.0450, 1710, 0
569, 2938, 809, -46.0829, 1710, 0
570, 9189, 6791, -303.0303, 300, 0
571, 9189, 3400, -1250.0000, 0, 0
572, 9189, 7092, -322.5806, 0, 0
573, 9189, 3718, -384.6154, 319, 0
574, 9189, 3701, -454.5455, 0, 0
575, 9189, 7507, -104.1667, 414, 0
576, 9189, 7507, -93.4579, 376, 0
577, 9189, 7507, -116.2791, 0, 0
578, 9189, 2406, -142.8571, 0, 0
579, 2801, 8511, -1250.0000, 0, 0
580, 2801, 216, -158.7302, 300, 0
581, 453, 2129, -357.1429, 854, 0
582, 8691, 6952, -19.3424, 529, 0
583, 8691, 6952, -13.6054, 491, 0
584, 8691, 1183, -47.8469, 0, 0
585, 8691, 4410, -37.8788, 510, 0
586, 8691, 8743, -29.6736, 357, 0
587, 2446, 8763, -140.8451, 0, 0
588, 2627, 8763, -142.8571, 0, 0
589, 4951, 6785, -57.1429, 433, 0
590, 4951, 6785, -51.5464, 414, 0
591, 4623, 964, -106.3830, 1249, 0
592, 4623, 964, -103.0928, 1480, 0
593, 4623, 8347, -188.6792, 1578, 0
594, 4623, 8347, -212.7660, 1743, 0
595, 4623, 8347, -200.0000, 1447, 0
596, 1609, 6552, -156.2500, 510, 0
597, 1609, 6552, -161.2903, 510, 0
598, 1609, 8999, -57.8035, 357, 0
599, 4368, 4816, -35.5872, 453, 0
600, 5481, 960, -5000.0000, 0, 0
601, 7913, 960, -5000.0000, 0, 0
602, 506, 960, -3333.3333, 657, 0
603, 2980, 960, -2500.0000, 657, 0
604, 4554, 6382, -212.7660, 433, 0
605, 4554, 6382, -204.0816, 433, 0
606, 6844, 1595, -83.3333, 0, 0
607, 3672, 5334, -333.3333, 281, 0
608, 6219, 5334, -322.5806, 0, 0
609, 8997, 6153, -94.3396, 0, 0
610, 1852, 5935, -43.4783, 529, 0
611, 1852, 5695, -23.3100, 414, 0
612, 2931, 5799, -50.5051, 0, 0
613, 2931, 7124, -23.0415, 433, 0
614, 2598, 3674, -65.7895, 281, 0
615, 2598, 2132, -33.1126, 319, 0
616, 2558, 7571, -30.8642, 319, 0
617, 8834, 1129, -59.1716, 0, 0
618, 7377, 3324, -153.8462, 0, 0
619, 1265, 4426, -21.6920, 414, 0
620, 1265, 1965, -49.7512, 319, 0
621, 8060, 7162, -2000.0000, 0, 0
622, 6922, 5482, -54.0541, 338, 0
623, 6922, 1295, -714.2857, 357, 0
624, 8369, 4710, -54.9451, 0, 0
625, 8961, 7133, -140.8451, 319, 0
626, 8961, 6888, -44.8430, 281, 0
627, 4185, 7019, -2000.0000, 281, 0
628, 4185, 6253, -1250.0000, 319, 0
629, 7895, 3391, -28.5714, 433, 0
630, 7895, 1448, -25.5102, 510, 0
631, 7895, 1448, -24.8139, 0, 0
632, 7895, 115, -30.3030, 0, 0
633, 5589, 4306, -5000.0000, 657, 0
634, 5589, 1763, -5000.0000, 657, 0
635, 5589, 3697, -27.3973, 1545, 0
636, 5589, 3794, -84.7458, 1644, 0
637, 5589, 3613, -74.6269, 1381, 0
638, 5589, 1502, -50.7614, 1447, 0
639, 5589, 6555, -17.3310, 1677, 0
640, 5589, 3608, -28.8184, 1513, 0
641, 1001, 4134, -833.3333, 0, 0
642, 1001, 1979, -1000.0000, 0, 0
643, 1001, 516, -1428.5714, 529, 0
644, 1001, 3580, -1250.0000, 529, 0
645, 1001, 3809, -48.0769, 414, 0
646, 1001, 5616, -36.1011, 453, 0
647, 1001, 5616, -47.8469, 472, 0
648, 1001, 6697, -33.2226, 414, 0
649, 1001, 7165, -153.8462, 0, 0
650, 1001, 892, -140.8451, 472, 0
651, 7438, 5334, -68.4932, 0, 0
652, 7438, 1526, -81.9672, 395, 0
653, 1301, 6952, -27.3973, 300, 0
654, 1301, 6952, -26.5252, 0, 0
655, 1301, 6952, -28.2486, 529, 0
656, 1301, 7883, -333.3333, 0, 0
657, 1301, 6430, -163.9344, 414, 0
658, 778, 7209, -34.6021, 0, 0
659, 778, 1910, -140.8451, 0, 0
660, 778, 6820, -277.7778, 0, 0
661, 778, 3071, -32.2581, 0, 0
662, 5297, 6267, -1428.5714, 433, 0
663, 3657, 3855, -1428.5714, 529, 0
664, 3657, 3855, -1428.5714, 491, 0
665, 3657, 2928, -400.0000, 395, 0
666, 3657, 2928, -416.6667, 376, 0
667, 3657, 1172, -416.6667, 491, 0
668, 3657, 9191, -153.8462, 453, 0
669, 3657, 8722, -166.6667, 414, 0
670, 6472, 5362, -555.5556, 529, 0
671, 6472, 3962, -416.6667, 0, 0
672, 1198, 1343, -129.8701, 657, 0
673, 1198, 29, -63.2911, 1118, 0
674, 7473, 3680, -31.0559, 0, 0
675, 7473, 96, -58.4795, 357, 0
676, 7473, 1868, -80.6452, 0, 0
677, 346, 3184, -212.7660, 0, 0
678, 346, 6570, -200.0000, 376, 0
679, 3184, 4728, -85.4701, 0, 0
680, 2654, 7886, -31.4465, 376, 0
681, 2654, 2132, -41.6667, 510, 0
682, 4144, 8874, -90.9091, 357, 0
683, 4144, 1625, -169.4915, 281, 0
684, 4144, 1625, -169.4915, 0, 0
685, 4144, 3786, -80.0000, 433, 0
686, 4144, 3786, -70.9220, 395, 0
687, 3422, 4100, -1428.5714, 0, 0
688, 6624, 4419, -2000.0000, 1776, 0
689, 6624, 7159, -1666.6667, 1710, 0
690, 6624, 3661, -1666.6667, 1677, 0
691, 6624, 5486, -2000.0000, 1776, 0
692, 6624, 4231, -45.4545, 1282, 0
693, 6624, 4231, -48.5437, 1545, 0
694, 6624, 6921, -56.8182, 1611, 0
695, 6624, 432, -106.3830, 1381, 0
696, 6624, 432, -90.0901, 1381, 0
697, 6624, 432, -88.4956, 1348, 0
698, 3353, 6887, -172.4138, 300, 0
699, 2479, 2050, -169.4915, 1809, 0
700, 2479, 2050, -149.2537, 1809, 0
701, 5482, 8704, -156.2500, 472, 0
702, 5482, 8704, -138.8889, 491, 0
703, 5482, 4710, -43.6681, 433, 0
704, 5482, 1295, -39.6825, 300, 0
705, 5482, 1910, -47.3934, 281, 0
706, 5482, 2985, -11.2867, 376, 0
707, 5482, 5853, -400.0000, 300, 0
708, 5482, 7824, -60.9756, 472, 0
709, 5482, 3071, -588.2353, 338, 0
710, 4525, 195, -15.1976, 0, 0
711, 9066, 7367, -46.9484, 414, 0
712, 9066, 9155, -13.3869, 0, 0
713, 9066, 6357, -19.1571, 300, 0
714, 7886, 3126, -25.1889, 395, 0
715, 7886, 8564, -151.5152, 357, 0
716, 7886, 5567, -40.4858, 281, 0
717, 6416, 3069, -49.0196, 453, 0
718, 6416, 3876, -322.5806, 338, 0
719, 6416, 8804, -76.9231, 376, 0
720, 6416, 8804, -75.7576, 395, 0
721, 7831, 4550, -178.5714, 1183, 0
722, 7831, 4125, -55.2486, 1513, 0
723, 7831, 3346, -35.0877, 920, 0
724, 5525, 2377, -13.8504, 300, 0
725, 5525, 1401, -39.0625, 300, 0
726, 5525, 2850, -20.2840, 376, 0
727, 5525, 2430, -20.0000, 300, 0
728, 5525, 9164, -19.5695, 395, 0
729, 8511, 1033, -833.3333, 300, 0
730, 8511, 6178, -1000.0000, 357, 0
731, 3400, 980, -769.2308, 433, 0
732, 2101, 4598, -84.0336, 1545, 0
733, 2101, 4541, -84.7458, 0, 0
734, 2101, 5144, -232.5581, 0, 0
735, 3919, 2129, -85.4701, 1644, 0
736, 3919, 4541, -95.2381, 1710, 0
737, 3919, 3513, -238.0952, 0, 0
738, 6675, 1486, -1428.5714, 433, 0
739, 4711, 5836, -204.0816, 529, 0
740, 4711, 575, -196.0784, 433, 0
741, 4711, 8214, -285.7143, 357, 0
742, 4711, 8214, -263.1579, 338, 0
743, 4711, 3021, -909.0909, 0, 0
744, 4711, 7967, -909.0909, 0, 0
745, 4711, 5993, -119.0476, 338, 0
746, 4711, 8804, -50.5051, 472, 0
747, 4513, 6831, -1000.0000, 0, 0
748, 2043, 1422, -1666.6667, 0, 0
749, 6714, 1808, -227.2727, 0, 0
750, 6371, 1808, -232.5581, 0, 0
751, 513, 2866, -120.4819, 395, 0
752, 4970, 9222, -28.5714, 657, 0
753, 4970, 9222, -26.4550, 657, 0
754, 4970, 2072, -166.6667, 1282, 0
755, 4970, 5461, -357.1429, 1414, 0
756, 4970, 8109, -74.6269, 1611, 0
757, 4970, 8109, -64.5161, 1381, 0
758, 7955, 707, -35.8423, 414, 0
759, 7955, 4816, -125.0000, 0, 0
760, 7955, 1866, -34.9650, 529, 0
761, 7955, 5488, -17.2712, 491, 0
762, 5093, 2467, -49.2611, 395, 0
763, 2328, 7178, -200.0000, 0, 0
764, 9180, 195, -75.7576, 357, 0
765, 9180, 3133, -37.0370, 395, 0
766, 292, 4544, -106.3830, 0, 0
767, 9002, 6737, -769.2308, 0, 0
768, 8439, 3758, -23.2558, 491, 0
769, 8439, 3758, -23.8663, 395, 0
770, 4974, 2940, -50.5051, 433, 0
771, 4974, 163, -31.7460, 433, 0
772, 747, 8507, -909.0909, 0, 0
773, 6909, 4914, -476.1905, 414, 0
774, 444, 4747, -238.0952, 0, 0
775, 1459, 6495, -105.2632, 0, 0
776, 1459, 2751, -62.8931, 0, 0
777, 3601, 4728, -322.5806, 0, 0
778, 1251, 6475, -2500.0000, 1381, 0
779, 1093, 6475, -2500.0000, 0, 0
780, 5709, 6475, -2500.0000, 1183, 0
781, 3825, 6475, -2500.0000, 0, 0
782, 1415, 3503, -238.0952, 0, 0
783, 4549, 3503, -263.1579, 0, 0
784, 3072, 639, -232.5581, 376, 0
785, 3072, 639, -250.0000, 395, 0
786, 5007, 4541, -36.3636, 1052, 0
787, 5007, 8195, -59.5238, 986, 0
788, 757, 964, -123.4568, 986, 0
789, 757, 964, -121.9512, 821, 0
790, 757, 3906, -86.9565, 1315, 0
791, 757, 3906, -76.9231, 1381, 0
792, 757, 8347, -63.2911, 1677, 0
793, 757, 2919, -35.9712, 1381, 0
794, 3758, 188, -35.3357, 300, 0
795, 3758, 2242, -29.4118, 0, 0
796, 3903, 4114, -16.7504, 0, 0
797, 5743, 6990, -16.4204, 0, 0
798, 8626, 8930, -30.4878, 453, 0
799, 8626, 2467, -30.1205, 491, 0
800, 2161, 5488, -27.6243, 338, 0
801, 2161, 7772, -17.7305, 319, 0
802, 5003, 6382, -434.7826, 300, 0
803, 6474, 4084, -91.7431, 472, 0
804, 6474, 4084, -80.0000, 491, 0
805, 6474, 53, -70.4225, 433, 0
806, 6474, 7259, -625.0000, 395, 0
807, 6474, 2475, -588.2353, 0, 0
808, 5334, 7577, -19.5312, 357, 0
809, 7961, 2288, -666.6667, 0, 0
810, 1592, 7098, -161.2903, 453, 0
811, 3187, 2079, -64.1026, 472, 0
812, 6041, 5926, -135.1351, 0, 0
813, 3697, 8486, -96.1538, 1447, 0
814, 3697, 7530, -98.0392, 1282, 0
815, 3697, 1502, -69.9301, 1776, 0
816, 3697, 1552, -49.5050, 1578, 0
817, 6952, 3793, -17.0068, 357, 0
818, 6738, 2526, -80.6452, 1151, 0
819, 6738, 2526, -71.4286, 1151, 0
820, 6738, 2365, -119.0476, 1052, 0
821, 6738, 2365, -116.2791, 887, 0
822, 6738, 3794, -94.3396, 1710, 0
823, 6738, 3613, -89.2857, 1513, 0
824, 6738, 6901, -38.7597, 1677, 0
825, 8180, 5106, -128.2051, 453, 0
826, 8180, 5106, -123.4568, 472, 0
827, 6240, 7165, -14.5985, 0, 0
828, 9222, 8721, -3333.3333, 0, 0
829, 9222, 8872, -3333.3333, 1677, 0
830, 9222, 8672, -112.3596, 1480, 0
831, 9222, 7164, -65.3595, 1348, 0
832, 5935, 7772, -27.7778, 491, 0
833, 3134, 3430, -29.6736, 357, 0
834, 3134, 1051, -28.6533, 414, 0
835, 283, 800, -714.2857, 0, 0
836, 283, 1077, -666.6667, 0, 0
837, 283, 4747, -222.2222, 433, 0
838, 3391, 5213, -24.6305, 281, 0
839, 3391, 115, -120.4819, 376, 0
840, 3391, 115, -103.0928, 529, 0
841, 4867, 5753, -166.6667, 319, 0
842, 7539, 6556, -79.3651, 376, 0
843, 7539, 871, -105.2632, 433, 0
844, 8893, 8874, -20.1207, 472, 0
845, 8893, 4505, -114.9425, 453, 0
846, 8893, 3436, -65.7895, 472, 0
847, 8893, 3436, -64.5161, 491, 0
848, 8893, 3436, -61.3497, 414, 0
849, 8893, 6556, -51.2821, 510, 0
850, 8893, 8765, -434.7826, 395, 0
851, 8893, 6619, -370.3704, 414, 0
852, 8165, 6734, -2000.0000, 0, 0
853, 1078, 6734, -3333.3333, 0, 0
854, 7988, 4231, -303.0303, 0, 0
855, 804, 2142, -178.5714, 433, 0
856, 804, 2142, -181.8182, 433, 0
857, 804, 7519, -50.5051, 433, 0
858, 804, 6744, -51.8135, 376, 0
859, 2286, 6802, -38.7597, 472, 0
860, 2286, 769, -38.4615, 414, 0
861, 3239, 1081, -47.6190, 1249, 0
862, 3239, 5983, -46.5116, 1282, 0
863, 3239, 8267, -20.0401, 953, 0
864, 3239, 960, -73.5294, 986, 0
865, 3239, 960, -65.3595, 789, 0
866, 3239, 3906, -33.1126, 1381, 0
867, 1539, 7361, -13.4771, 0, 0
868, 1539, 6852, -17.0358, 414, 0
869, 1539, 8515, -9.7087, 338, 0
870, 1539, 3166, -24.6914, 300, 0
871, 1539, 2676, -14.9925, 0, 0
872, 1539, 3793, -13.4048, 338, 0
873, 1539, 4529, -30.7692, 0, 0
874, 1539, 4234, -11.6279, 281, 0
875, 8628, 44, -46.7290, 491, 0
876, 8628, 6630, -125.0000, 300, 0
877, 8628, 6630, -128.2051, 338, 0
878, 8628, 1545, -344.8276, 395, 0
879, 8628, 4215, -303.0303, 395, 0
880, 7163, 1917, -60.6061, 300, 0
881, 7163, 5519, -47.8469, 300, 0
882, 7647, 225, -833.3333, 0, 0
883, 4864, 1397, -2000.0000, 0, 0
884, 7021, 7119, -33.8983, 319, 0
885, 7021, 3324, -88.4956, 491, 0
886, 1248, 163, -77.5194, 0, 0
887, 9045, 2457, -2500.0000, 0, 0
888, 8874, 3786, -64.1026, 433, 0
889, 5891, 5574, -81.3008, 281, 0
890, 5891, 7663, -42.9185, 300, 0
891, 5891, 4889, -166.6667, 414, 0
892, 3997, 1526, -1250.0000, 0, 0
893, 184, 1526, -1428.5714, 0, 0
894, 2972, 2088, -28.1690, 491, 0
895, 8676, 933, -28.8184, 0, 0
896, 8676, 933, -149.2537, 319, 0
897, 8676, 3643, -31.8471, 300, 0
898, 8704, 6723, -77.5194, 510, 0
899, 7047, 21, -1000.0000, 319, 0
900, 7047, 21, -714.2857, 0, 0
901, 7047, 1551, -63.6943, 453, 0
902, 7047, 4103, -322.5806, 414, 0
903, 7047, 7862, -120.4819, 453, 0
904, 7047, 5458, -126.5823, 472, 0
905, 5574, 5666, -64.9351, 414, 0
906, 6742, 5458, -909.0909, 281, 0
907, 5270, 7862, -909.0909, 0, 0
908, 7775, 3857, -26.0417, 529, 0
909, 6290, 3436, -120.4819, 338, 0
910, 3430, 401, -31.3480, 433, 0
911, 2967, 8976, -666.6667, 0, 0
912, 2967, 8976, -666.6667, 0, 0
913, 8976, 2481, -59.5238, 376, 0
914, 8976, 9108, -78.7402, 357, 0
915, 2056, 7520, -217.3913, 854, 0
916, 2056, 7520, -212.7660, 920, 0
917, 4084, 5340, -71.4286, 529, 0
918, 4084, 2319, -112.3596, 338, 0
919, 4084, 2878, -36.4964, 433, 0
920, 2597, 7422, -128.2051, 0, 0
921, 7183, 8931, -208.3333, 0, 0
922, 5379, 8931, -204.0816, 0, 0
923, 8128, 8931, -227.2727, 723, 0
924, 6337, 8931, -232.5581, 657, 0
925, 1237, 8931, -208.3333, 0, 0
926, 4127, 9173, -1250.0000, 338, 0
927, 4127, 7974, -769.2308, 395, 0
928, 2432, 4816, -13.3869, 529, 0
929, 2432, 1866, -17.2117, 300, 0
930, 2432, 8809, -256.4103, 433, 0
931, 2432, 5146, -12.8700, 338, 0
932, 2432, 6940, -18.6567, 472, 0
933, 2432, 1742, -232.5581, 319, 0
934, 5213, 8627, -22.7790, 0, 0
935, 5213, 174, -14.8810, 357, 0
936, 5213, 7437, -24.3309, 338, 0
937, 7342, 5940, -39.0625, 433, 0
938, 7342, 7495, -28.9017, 376, 0
939, 8808, 4816, -46.2963, 453, 0
940, 8808, 4816, -45.2489, 472, 0
941, 8808, 6053, -58.8235, 376, 0
942, 5764, 4189, -50.0000, 376, 0
943, 8507, 1973, -1111.1111, 0, 0
944, 1394, 1973, -1111.1111, 357, 0
945, 2898, 2128, -3333.3333, 0, 0
946, 4942, 8255, -22.9358, 0, 0
947, 4942, 4748, -163.9344, 414, 0
948, 3486, 3594, -48.3092, 338, 0
949, 3486, 4679, -24.3902, 0, 0
950, 4656, 4235, -49.7512, 376, 0
951, 4656, 4235, -50.7614, 376, 0
952, 7129, 5441, -416.6667, 0, 0
953, 7129, 5441, -416.6667, 0, 0
954, 8250, 5720, -50.7614, 433, 0
955, 8250, 5720, -49.7512, 395, 0
956, 6831, 6723, -357.1429, 453, 0
957, 6831, 5686, -78.1250, 414, 0
958, 2377, 805, -10.8342, 338, 0
959, 907, 9091, -2500.0000, 0, 0
960, 4056, 9091, -2500.0000, 281, 0
961, 6837, 2142, -2000.0000, 414, 0
962, 5666, 2641, -142.8571, 376, 0
963, 5666, 7577, -312.5000, 510, 0
964, 5666, 7577, -294.1176, 491, 0
965, 5666, 7577, -208.3333, 395, 0
966, 5666, 1629, -66.6667, 281, 0
967, 726, 687, -232.5581, 510, 0
968, 3526, 687, -270.2703, 0, 0
969, 6382, 2425, -142.8571, 0, 0
970, 6382, 2425, -144.9275, 433, 0
971, 6382, 5907, -46.0829, 0, 0
972, 6382, 5907, -52.0833, 0, 0
973, 6382, 5907, -51.5464, 472, 0
974, 7847, 9217, -46.9484, 0, 0
975, 2981, 1448, -51.0204, 0, 0
976, 5110, 5686, -120.4819, 376, 0
977, 2968, 5907, -121.9512, 453, 0
978, 5441, 2155, -65.3595, 529, 0
979, 5441, 8112, -62.5000, 0, 0
980, 5441, 2535, -357.1429, 433, 0
981, 5441, 7098, -80.6452, 0, 0
982, 5441, 7098, -86.2069, 0, 0
983, 5441, 7098, -93.4579, 453, 0
984, 5441, 3737, -188.6792, 319, 0
985, 5441, 5529, -185.1852, 0, 0
986, 5441, 5753, -84.7458, 433, 0
987, 9019, 6563, -1666.6667, 376, 0
988, 1341, 1101, -34.7222, 0, 0
989, 2797, 8291, -27.3224, 453, 0
990, 2797, 8367, -52.0833, 491, 0
991, 2797, 1100, -222.2222, 414, 0
992, 2797, 6887, -86.2069, 491, 0
993, 4939, 6880, -303.0303, 433, 0
994, 7738, 6982, -15.6986, 0, 0
995, 6565, 3121, -21.0526, 0, 0
996, 8707, 280, -113.6364, 453, 0
997, 8707, 2510, -13.2979, 0, 0
998, 1625, 766, -666.6667, 0, 0
999, 8411, 6232, -2000.0000, 0, 0
1000, 3951, 1397, -72.9927, 0, 0
1001, 964, 7282, -59.1716, 1183, 0
1002, 964, 7282, -68.4932, 1315, 0
1003, 964, 6475, -121.9512, 887, 0
1004, 964, 6475, -125.0000, 1183, 0
1005, 5658, 5420, -78.7402, 1282, 0
1006, 5658, 8267, -20.2429, 1644, 0
1007, 5658, 7328, -46.7290, 0, 0
1008, 5658, 7328, -45.8716, 0, 0
1009, 5658, 7164, -48.5437, 1118, 0
1010, 5550, 410, -96.1538, 510, 0
1011, 5550, 7579, -45.8716, 338, 0
1012, 5550, 7579, -48.7805, 395, 0
1013, 5550, 4189, -20.0401, 357, 0
1014, 7282, 4196, -84.0336, 789, 0
1015, 1526, 3916, -20.3252, 338, 0
1016, 1526, 4747, -80.6452, 338, 0
1017, 1526, 4747, -65.7895, 319, 0
1018, 4541, 3346, -30.4878, 1414, 0
1019, 4541, 3346, -25.1889, 920, 0
1020, 1343, 3346, -26.8817, 1447, 0
1021, 3680, 2719, -1428.5714, 0, 0
1022, 3680, 2719, -1000.0000, 0, 0
1023, 3680, 2719, -1250.0000, 0, 0
1024, 3680, 795, -1250.0000, 0, 0
1025, 3680, 4880, -56.8182, 0, 0
1026, 3680, 1868, -48.3092, 0, 0
1027, 7464, 5564, -1666.6667, 0, 0
1028, 7464, 7036, -1250.0000, 281, 0
1029, 7464, 5940, -50.5051, 376, 0
1030, 7464, 7495, -31.2500, 433, 0
1031, 4850, 2886, -86.2069, 433, 0
1032, 4850, 7049, -53.1915, 414, 0
1033, 2510, 6146, -357.1429, 0, 0
1034, 90, 1860, -40.9836, 510, 0
1035, 90, 1860, -48.3092, 491, 0
1036, 2142, 3276, -666.6667, 0, 0
1037, 2142, 3545, -90.0901, 0, 0
1038, 2142, 6842, -55.5556, 319, 0
1039, 2142, 6744, -32.8947, 338, 0
1040, 2142, 7635, -769.2308, 414, 0
1041, 9091, 1040, -55.8659, 319, 0
1042, 2457, 6178, -2500.0000, 0, 0
1043, 1422, 1462, -204.0816, 0, 0
1044, 1422, 7772, -12.9366, 376, 0
1045, 7881, 5365, -25.3165, 357, 0
1046, 7881, 6982, -15.7480, 300, 0
1047, 6926, 3327, -232.5581, 510, 0
1048, 1959, 615, -161.2903, 0, 0
1049, 6455, 1262, -454.5455, 319, 0
1050, 803, 6982, -16.3666, 338, 0
1051, 803, 5918, -16.3666, 319, 0
1052, 7624, 3070, -61.3497, 300, 0
1053, 500, 1547, -181.8182, 0, 0
1054, 500, 5237, -27.0270, 319, 0
1055, 500, 772, -58.1395, 453, 0
1056, 500, 8950, -72.9927, 395, 0
1057, 2754, 2079, -68.0272, 357, 0
1058, 2754, 2229, -45.0450, 357, 0
1059, 2754, 7049, -98.0392, 491, 0
1060, 4118, 7873, -25.0627, 0, 0
1061, 4118, 3865, -163.9344, 0, 0
1062, 1754, 8486, -51.8135, 1480, 0
1063, 1754, 7530, -50.7614, 1381, 0
1064, 1754, 7778, -69.9301, 1578, 0
1065, 1754, 6897, -68.4932, 1348, 0
1066, 1754, 960, -49.7512, 1019, 0
1067, 1754, 960, -48.7805, 821, 0
1068, 3857, 4491, -23.6967, 472, 0
1069, 3857, 6010, -204.0816, 0, 0
1070, 3857, 6940, -41.1523, 491, 0
1071, 858, 1642, -666.6667, 0, 0
1072, 3028, 809, -666.6667, 1776, 0
1073, 4819, 1642, -588.2353, 1776, 0
1074, 2035, 809, -588.2353, 0, 0
1075, 3869, 1642, -588.2353, 1809, 0
1076, 3741, 809, -588.2353, 1809, 0
1077, 742, 687, -175.4386, 0, 0
1078, 2910, 7098, -196.0784, 0, 0
1079, 5688, 6231, -153.8462, 0, 0
1080, 5182, 5455, -344.8276, 0, 0
1081, 707, 5695, -26.7380, 376, 0
1082, 3814, 954, -149.2537, 357, 0
1083, 2313, 2438, -151.5152, 0, 0
1084, 195, 2985, -72.4638, 357, 0
1085, 2518, 3513, -37.3134, 1513, 0
1086, 2518, 3346, -52.0833, 1249, 0
1087, 4544, 601, -22.6757, 0, 0
1088, 4544, 3241, -21.1864, 357, 0
1089, 4544, 7338, -119.0476, 0, 0
1090, 3069, 1538, -526.3158, 0, 0
1091, 3069, 1538, -526.3158, 0, 0
1092, 6115, 4729, -66.2252, 491, 0
1093, 3344, 6616, -61.3497, 433, 0
1094, 3809, 5616, -92.5926, 491, 0
1095, 3809, 6691, -121.9512, 281, 0
1096, 3809, 6691, -113.6364, 0, 0
1097, 1326, 892, -69.9301, 0, 0
1098, 601, 616, -54.3478, 395, 0
1099, 3496, 1551, -54.9451, 338, 0
1100, 4925, 2230, -270.2703, 0, 0
1101, 8057, 5907, -212.7660, 0, 0
1102, 5354, 5907, -208.3333, 0, 0
1103, 3674, 616, -64.5161, 491, 0
1104, 3674, 7338, -65.7895, 0, 0
1105, 5836, 5083, -250.0000, 319, 0
1106, 5836, 7576, -370.3704, 0, 0
1107, 5836, 3191, -322.5806, 395, 0
1108, 5836, 3488, -84.7458, 0, 0
1109, 5836, 1578, -95.2381, 0, 0
1110, 575, 5300, -285.7143, 414, 0
1111, 3929, 9173, -1428.5714, 0, 0
1112, 2089, 3818, -1428.5714, 0, 0
1113, 2089, 6232, -2000.0000, 0, 0
1114, 2089, 1643, -769.2308, 395, 0
1115, 2089, 6253, -3333.3333, 0, 0
1116, 2089, 6684, -454.5455, 281, 0
1117, 2089, 8151, -625.0000, 433, 0
1118, 5067, 449, -357.1429, 1348, 0
1119, 5067, 449, -370.3704, 1447, 0
1120, 7641, 3037, -476.1905, 472, 0
1121, 7641, 3037, -434.7826, 433, 0
1122, 3191, 2340, -303.0303, 0, 0
1123, 3191, 8711, -294.1176, 0, 0
1124, 8104, 8722, -454.5455, 491, 0
1125, 2644, 9191, -434.7826, 0, 0
1126, 4128, 8522, -3333.3333, 414, 0
1127, 604, 7522, -99.0099, 1513, 0
1128, 604, 4000, -68.4932, 1447, 0
1129, 2155, 9021, -102.0408, 414, 0
1130, 2155, 9021, -90.0901, 0, 0
1131, 2155, 2042, -714.2857, 0, 0
1132, 2155, 687, -57.8035, 510, 0
1133, 2155, 3520, -833.3333, 338, 0
1134, 2155, 4729, -74.6269, 433, 0
1135, 2641, 4889, -74.0741, 414, 0
1136, 9067, 9051, -200.0000, 453, 0
1137, 6969, 5573, -166.6667, 281, 0
1138, 666, 1494, -37.5940, 1348, 0
1139, 666, 2732, -26.8817, 1414, 0
1140, 666, 4550, -27.3973, 1381, 0
1141, 666, 1607, -400.0000, 1151, 0
1142, 666, 2093, -153.8462, 1545, 0
1143, 3565, 2177, -23.8095, 281, 0
1144, 3565, 2841, -192.3077, 300, 0
1145, 3611, 7972, -71.9424, 414, 0
1146, 3611, 2481, -119.0476, 453, 0
1147, 5420, 7164, -119.0476, 1249, 0
1148, 7119, 2078, -56.1798, 414, 0
1149, 7119, 7873, -16.7504, 319, 0
1150, 7422, 7519, -125.0000, 281, 0
1151, 7422, 6744, -67.1141, 472, 0
1152, 1026, 1860, -15.6006, 395, 0
1153, 4765, 3327, -188.6792, 338, 0
1154, 6036, 6921, -178.5714, 1315, 0
1155, 8670, 7069, -51.2821, 395, 0
1156, 8670, 7069, -52.0833, 319, 0
1157, 8670, 2866, -43.6681, 281, 0
1158, 4032, 6450, -67.1141, 300, 0
1159, 4032, 5738, -73.5294, 300, 0
1160, 7327, 2481, -84.0336, 0, 0
1161, 7327, 8189, -277.7778, 300, 0
1162, 7474, 1584, -1000.0000, 300, 0
1163, 8947, 3390, -2000.0000, 0, 0
1164, 1808, 6384, -38.0228, 319, 0
1165, 4624, 6031, -526.3158, 0, 0
1166, 1721, 3558, -1428.5714, 0, 0
1167, 7694, 3865, -1666.6667, 0, 0
1168, 9181, 6723, -1000.0000, 0, 0
1169, 8373, 8748, -48.3092, 433, 0
1170, 8373, 8475, -312.5000, 472, 0
1171, 8373, 8475, -303.0303, 414, 0
1172, 5630, 6639, -57.1429, 491, 0
1173, 5630, 1187, -52.6316, 433, 0
1174, 5630, 7274, -27.3973, 0, 0
1175, 5630, 8992, -31.0559, 338, 0
1176, 5630, 7266, -44.2478, 376, 0
1177, 3492, 6734, -17.2117, 357, 0
1178, 3492, 1015, -27.1739, 395, 0
1179, 3492, 8310, -555.5556, 453, 0
1180, 1980, 6570, -136.9863, 510, 0
1181, 9137, 749, -19.3424, 529, 0
1182, 7522, 2183, -43.8596, 1611, 0
1183, 7571, 3916, -69.4444, 0, 0
1184, 7571, 6891, -117.6471, 453, 0
1185, 2526, 6199, -69.9301, 1414, 0
1186, 2526, 6199, -71.4286, 1776, 0
1187, 1483, 3649, -18.9394, 529, 0
1188, 2365, 6199, -36.4964, 854, 0
1189, 2365, 6199, -37.3134, 1118, 0
1190, 2365, 4141, -48.5437, 657, 0
1191, 2365, 1311, -89.2857, 854, 0
1192, 8316, 174, -121.9512, 529, 0
1193, 174, 6430, -17.9856, 395, 0
1194, 5340, 7892, -131.5789, 376, 0
1195, 5340, 561, -555.5556, 0, 0
1196, 5340, 8843, -5000.0000, 0, 0
1197, 5340, 8843, -5000.0000, 0, 0
1198, 5340, 4239, -44.0529, 433, 0
1199, 3866, 1860, -43.1034, 357, 0
1200, 3866, 5395, -71.4286, 319, 0
1201, 7042, 2177, -63.2911, 472, 0
1202, 8672, 7164, -128.2051, 657, 0
1203, 1860, 7772, -55.2486, 0, 0
1204, 1860, 7772, -46.7290, 0, 0
1205, 4885, 2928, -5000.0000, 281, 0
1206, 4157, 2928, -5000.0000, 0, 0
1207, 4432, 2928, -5000.0000, 0, 0
1208, 2072, 5983, -38.6100, 1381, 0
1209, 3450, 6552, -117.6471, 433, 0
1210, 3956, 7507, -62.5000, 0, 0
1211, 5286, 1838, -3333.3333, 0, 0
1212, 5571, 2230, -3333.3333, 0, 0
1213, 2078, 8005, -129.8701, 472, 0
1214, 639, 6351, -14.8368, 529, 0
1215, 639, 2749, -217.3913, 338, 0
1216, 639, 9130, -104.1667, 376, 0
1217, 410, 4189, -46.0829, 376, 0
1218, 1494, 5781, -133.3333, 1183, 0
1219, 583, 6616, -107.5269, 433, 0
1220, 583, 6031, -76.3359, 414, 0
1221, 1746, 7507, -90.9091, 0, 0
1222, 3276, 7635, -2500.0000, 319, 0
1223, 1105, 196, -2500.0000, 281, 0
1224, 8522, 7132, -588.2353, 453, 0
1225, 8522, 5351, -40.1606, 357, 0
1226, 8763, 7056, -41.4938, 854, 0
1227, 8763, 8825, -40.6504, 756, 0
1228, 8763, 6889, -384.6154, 1315, 0
1229, 8763, 6889, -416.6667, 1414, 0
1230, 8763, 8887, -44.0529, 1414, 0
1231, 8763, 8887, -47.6190, 1447, 0
1232, 8763, 8487, -93.4579, 0, 0
1233, 8748, 8475, -38.3142, 453, 0
1234, 217, 6785, -48.5437, 414, 0
1235, 217, 6785, -54.6448, 414, 0
1236, 217, 1179, -217.3913, 300, 0
1237, 217, 2575, -256.4103, 319, 0
1238, 217, 7274, -25.6410, 414, 0
1239, 7972, 8189, -48.0769, 453, 0
1240, 7972, 8189, -51.8135, 414, 0
1241, 7972, 1039, -76.3359, 0, 0
1242, 7253, 7840, -114.9425, 0, 0
1243, 4395, 8913, -250.0000, 319, 0
1244, 4395, 4852, -133.3333, 338, 0
1245, 2795, 1183, -172.4138, 0, 0
1246, 2795, 1183, -153.8462, 0, 0
1247, 1305, 6291, -39.0625, 376, 0
1248, 1305, 6982, -42.7350, 338, 0
1249, 2732, 1798, -50.2513, 1381, 0
1250, 2732, 3346, -31.0559, 1480, 0
1251, 4550, 3346, -31.7460, 1480, 0
1252, 4725, 5738, -50.5051, 0, 0
1253, 1083, 8310, -2000.0000, 433, 0
1254, 1398, 5567, -1428.5714, 491, 0
1255, 4281, 4580, -60.9756, 453, 0
1256, 7050, 4908, -833.3333, 357, 0
1257, 7050, 3740, -1428.5714, 414, 0
1258, 6563, 870, -1000.0000, 414, 0
1259, 8999, 6495, -144.9275, 319, 0
1260, 6888, 5994, -32.8947, 281, 0
1261, 5400, 8005, -222.2222, 414, 0
1262, 5400, 8005, -212.7660, 433, 0
1263, 5881, 4031, -120.4819, 0, 0
1264, 8195, 8334, -60.6061, 1447, 0
1265, 933, 6357, -22.6244, 300, 0
1266, 933, 6357, -25.0627, 319, 0
1267, 933, 3775, -14.9254, 0, 0
1268, 933, 3975, -15.0150, 0, 0
1269, 3918, 1642, -188.6792, 789, 0
1270, 6802, 1153, -1666.6667, 0, 0
1271, 6802, 7599, -1666.6667, 0, 0
1272, 4025, 3994, -1666.6667, 0, 0
1273, 1595, 1414, -28.0112, 319, 0
1274, 3114, 3656, -126.5823, 0, 0
1275, 5237, 2229, -48.5437, 395, 0
1276, 5237, 9108, -61.3497, 395, 0
1277, 5237, 1478, -59.8802, 357, 0
1278, 2799, 8515, -1428.5714, 319, 0
1279, 6405, 7873, -28.0112, 0, 0
1280, 6405, 3894, -23.6967, 0, 0
1281, 4435, 4734, -153.8462, 756, 0
1282, 4435, 3483, -43.8596, 1282, 0
1283, 2079, 7052, -104.1667, 433, 0
1284, 2079, 7052, -102.0408, 414, 0
1285, 2079, 772, -62.5000, 491, 0
1286, 2079, 772, -61.3497, 510, 0
1287, 1081, 6475, -47.1698, 953, 0
1288, 1081, 6475, -49.5050, 1151, 0
1289, 7361, 3166, -16.7785, 0, 0
1290, 7361, 426, -20.4918, 319, 0
1291, 2863, 1857, -1000.0000, 300, 0
1292, 1364, 2430, -120.4819, 376, 0
1293, 2177, 749, -15.0602, 376, 0
1294, 3594, 2850, -63.2911, 376, 0
1295, 6555, 3608, -47.6190, 1381, 0
1296, 8475, 1965, -22.8833, 376, 0
1297, 8475, 5926, -555.5556, 453, 0
1298, 5735, 6053, -38.7597, 338, 0
1299, 5735, 2341, -83.3333, 491, 0
1300, 2629, 7507, -250.0000, 395, 0
1301, 1137, 2406, -2000.0000, 0, 0
1302, 7577, 5814, -25.0000, 319, 0
1303, 7577, 3231, -49.2611, 529, 0
1304, 7663, 5814, -185.1852, 357, 0
1305, 1183, 1159, -25.8398, 376, 0
1306, 6852, 5051, -31.9489, 433, 0
1307, 8307, 8807, -833.3333, 0, 0
1308, 6947, 8807, -909.0909, 0, 0
1309, 4505, 4357, -1111.1111, 281, 0
1310, 7144, 7791, -243.9024, 0, 0
1311, 6889, 2085, -1666.6667, 1151, 0
1312, 6889, 4024, -1666.6667, 1052, 0
1313, 6889, 9065, -2000.0000, 657, 0
1314, 6889, 661, -2000.0000, 657, 0
1315, 6612, 8864, -666.6667, 395, 0
1316, 8931, 6199, -172.4138, 1809, 0
1317, 8931, 6199, -151.5152, 1348, 0
1318, 8931, 6199, -147.0588, 1151, 0
1319, 8931, 6199, -144.9275, 1151, 0
1320, 8931, 8494, -294.1176, 1480, 0
1321, 8931, 8494, -312.5000, 1249, 0
1322, 1643, 4511, -1000.0000, 376, 0
1323, 196, 1973, -833.3333, 0, 0
1324, 2902, 5573, -1666.6667, 0, 0
1325, 4950, 4410, -34.8432, 0, 0
1326, 4950, 333, -42.5532, 472, 0
1327, 4950, 6908, -28.0112, 0, 0
1328, 3377, 7726, -2500.0000, 414, 0
1329, 1027, 3243, -1000.0000, 657, 0
1330, 1027, 2458, -60.6061, 1611, 0
1331, 1027, 2919, -232.5581, 1019, 0
1332, 5308, 8560, -909.0909, 657, 0
1333, 5308, 6427, -59.5238, 1677, 0
1334, 5308, 8347, -79.3651, 1414, 0
1335, 7148, 5610, -50.7614, 433, 0
1336, 7148, 2421, -188.6792, 376, 0
1337, 7148, 2421, -192.3077, 357, 0
1338, 7148, 2421, -196.0784, 376, 0
1339, 7148, 6989, -78.7402, 376, 0
1340, 44, 1545, -50.0000, 0, 0
1341, 44, 3541, -42.7350, 472, 0
1342, 6231, 4710, -16.8919, 300, 0
1343, 6231, 8367, -57.1429, 395, 0
1344, 6231, 2288, -175.4386, 0, 0
1345, 8291, 8473, -113.6364, 281, 0
1346, 8291, 5455, -208.3333, 453, 0
1347, 8291, 7635, -79.3651, 433, 0
1348, 6842, 8473, -121.9512, 0, 0
1349, 6842, 883, -34.7222, 0, 0
1350, 6842, 2288, -166.6667, 414, 0
1351, 3969, 7726, -116.2791, 0, 0
1352, 1090, 1129, -26.5252, 300, 0
1353, 1090, 3070, -119.0476, 357, 0
1354, 8515, 5365, -14.8588, 338, 0
1355, 8515, 5365, -15.4560, 300, 0
1356, 8515, 4529, -11.0497, 281, 0
1357, 8515, 3364, -1428.5714, 300, 0
1358, 935, 5383, -156.2500, 300, 0
1359, 920, 6570, -5000.0000, 300, 0
1360, 6664, 4426, -416.6667, 529, 0
1361, 4339, 2183, -303.0303, 1644, 0
1362, 7513, 4000, -312.5000, 0, 0
1363, 6570, 8542, -285.7143, 319, 0
1364, 6570, 8542, -303.0303, 319, 0
1365, 6570, 1662, -75.7576, 0, 0
1366, 6570, 9119, -149.2537, 376, 0
1367, 6570, 1151, -250.0000, 0, 0
1368, 502, 3589, -357.1429, 395, 0
1369, 8473, 1040, -384.6154, 376, 0
1370, 8473, 145, -833.3333, 281, 0
1371, 8473, 4267, -833.3333, 0, 0
1372, 4936, 5179, -102.0408, 395, 0
1373, 5317, 8854, -416.6667, 300, 0
1374, 9018, 4, -109.8901, 300, 0
1375, 9018, 4829, -78.1250, 357, 0
1376, 6253, 5383, -82.6446, 453, 0
1377, 6253, 7507, -91.7431, 510, 0
1378, 8887, 1644, -96.1538, 756, 0
1379, 8887, 3483, -85.4701, 723, 0
1380, 6639, 7840, -105.2632, 0, 0
1381, 6639, 7840, -103.0928, 0, 0
1382, 5461, 8109, -75.1880, 1480, 0
1383, 6291, 4189, -40.1606, 472, 0
1384, 8405, 4747, -238.0952, 433, 0
1385, 8405, 4580, -37.3134, 433, 0
1386, 338, 7824, -357.1429, 300, 0
1387, 2468, 7824, -357.1429, 281, 0
1388, 5257, 7824, -434.7826, 0, 0
1389, 2189, 7824, -416.6667, 0, 0
1390, 8458, 8267, -526.3158, 1414, 0
1391, 2676, 5987, -67.5676, 319, 0
1392, 1187, 5712, -84.7458, 0, 0
1393, 1187, 6521, -37.3134, 319, 0
1394, 2360, 8636, -181.8182, 453, 0
1395, 2360, 8829, -833.3333, 281, 0
1396, 2360, 4235, -57.4713, 472, 0
1397, 2360, 4235, -56.4972, 510, 0
1398, 2360, 4235, -58.8235, 491, 0
1399, 8818, 5099, -18.3486, 0, 0
1400, 5781, 4734, -82.6446, 1249, 0
1401, 5781, 905, -125.0000, 1611, 0
1402, 5781, 8334, -149.2537, 1743, 0
1403, 5781, 2093, -38.0228, 1315, 0
1404, 6772, 6989, -333.3333, 414, 0
1405, 7885, 3912, -2500.0000, 0, 0
1406, 6730, 3912, -2500.0000, 0, 0
1407, 4301, 3912, -2500.0000, 0, 0
1408, 5362, 5610, -188.6792, 0, 0
1409, 5362, 350, -909.0909, 338, 0
1410, 5362, 6763, -909.0909, 0, 0
1411, 3855, 1973, -1250.0000, 529, 0
1412, 3855, 1973, -714.2857, 491, 0
1413, 3481, 554, -42.9185, 0, 0
1414, 5460, 8222, -62.1118, 1743, 0
1415, 5460, 8222, -60.9756, 1611, 0
1416, 5460, 2721, -92.5926, 1480, 0
1417, 5460, 2721, -90.9091, 1545, 0
1418, 3786, 8578, -39.8406, 433, 0
1419, 490, 2653, -1666.6667, 0, 0
1420, 148, 7069, -833.3333, 414, 0
1421, 7256, 8743, -22.6757, 338, 0
1422, 7256, 1742, -15.1515, 300, 0
1423, 8930, 314, -18.9394, 414, 0
1424, 6954, 7974, -3333.3333, 0, 0
1425, 3325, 7974, -3333.3333, 0, 0
1426, 5627, 1742, -526.3158, 0, 0
1427, 5610, 6989, -151.5152, 376, 0
1428, 21, 6163, -1666.6667, 0, 0
1429, 3749, 5365, -24.9377, 529, 0
1430, 3749, 6982, -24.6305, 433, 0
1431, 2291, 3133, -20.6186, 300, 0
1432, 2291, 4738, -62.1118, 0, 0
1433, 2291, 3656, -52.3560, 433, 0
1434, 314, 4300, -256.4103, 319, 0
1435, 314, 5789, -250.0000, 0, 0
1436, 314, 2467, -56.1798, 472, 0
1437, 314, 2467, -54.6448, 0, 0
1438, 314, 5256, -54.6448, 319, 0
1439, 3200, 2653, -1000.0000, 319, 0
1440, 4679, 4852, -80.6452, 319, 0
1441, 4679, 4852, -125.0000, 357, 0
1442, 4679, 1151, -322.5806, 376, 0
1443, 8568, 5215, -454.5455, 319, 0
1444, 58, 221, -263.1579, 0, 0
1445, 6807, 851, -121.9512, 433, 0
1446, 150, 5099, -17.9533, 0, 0
1447, 150, 3558, -227.2727, 0, 0
1448, 7209, 2934, -312.5000, 0, 0
1449, 1465, 4787, -147.0588, 1118, 0
1450, 1465, 3830, -200.0000, 1052, 0
1451, 1465, 5648, -204.0816, 854, 0
1452, 1465, 4000, -161.2903, 1249, 0
1453, 7537, 3485, -322.5806, 1480, 0
1454, 7537, 3830, -149.2537, 1545, 0
1455, 7537, 5648, -147.0588, 1677, 0
1456, 1262, 2424, -58.8235, 0, 0
1457, 1262, 1156, -88.4956, 376, 0
1458, 1262, 4914, -65.3595, 357, 0
1459, 1262, 4914, -89.2857, 0, 0
1460, 1262, 3834, -370.3704, 0, 0
1461, 1262, 556, -89.2857, 357, 0
1462, 1262, 3019, -128.2051, 0, 0
1463, 1262, 7923, -384.6154, 0, 0
1464, 1551, 4103, -83.3333, 510, 0
1465, 1551, 7862, -136.9863, 472, 0
1466, 1551, 5458, -131.5789, 529, 0
1467, 1551, 1838, -44.2478, 376, 0
1468, 3070, 2888, -344.8276, 0, 0
1469, 4874, 4504, -21.9298, 453, 0
1470, 4874, 3579, -78.7402, 376, 0
1471, 4874, 3579, -83.3333, 0, 0
1472, 4874, 7903, -47.6190, 338, 0
1473, 6368, 1102, -39.6825, 472, 0
1474, 6368, 9217, -46.0829, 376, 0
1475, 6368, 5653, -59.1716, 453, 0
1476, 8478, 5907, -29.4118, 0, 0
1477, 5241, 6921, -123.4568, 789, 0
1478, 4, 1813, -65.7895, 338, 0
1479, 8950, 7049, -303.0303, 529, 0
1480, 6846, 8788, -51.0204, 376, 0
1481, 6846, 6734, -78.1250, 395, 0
1482, 4426, 5616, -12.4224, 453, 0
1483, 4426, 1965, -19.4932, 453, 0
1484, 4426, 1767, -21.8341, 433, 0
1485, 3037, 1102, -238.0952, 376, 0
1486, 3037, 8485, -135.1351, 376, 0
1487, 3037, 5653, -81.3008, 472, 0
1488, 5395, 4661, -19.9203, 319, 0
1489, 5395, 520, -108.6957, 338, 0
1490, 5395, 6816, -14.8810, 300, 0
1491, 5395, 5918, -41.6667, 319, 0
1492, 5395, 5918, -41.6667, 338, 0
1493, 8636, 1380, -75.1880, 300, 0
1494, 3436, 4239, -80.6452, 0, 0
1495, 3436, 4239, -81.3008, 395, 0
1496, 3436, 3656, -22.3714, 338, 0
1497, 6203, 7124, -39.3701, 0, 0
1498, 9059, 7124, -33.3333, 0, 0
1499, 5994, 96, -45.8716, 0, 0
1500, 5049, 306, -45.2489, 433, 0
1501, 718, 8397, -46.0829, 414, 0
1502, 718, 6982, -22.3214, 472, 0
1503, 7202, 8807, -84.0336, 0, 0
1504, 7202, 8807, -86.2069, 0, 0
1505, 8592, 2995, -185.1852, 0, 0
1506, 6581, 823, -3333.3333, 0, 0
1507, 6581, 1680, -3333.3333, 1710, 0
1508, 6199, 953, -384.6154, 723, 0
1509, 6199, 1817, -400.0000, 657, 0
1510, 3231, 1504, -117.6471, 0, 0
1511, 3231, 7226, -48.0769, 319, 0
1512, 2928, 7865, -1250.0000, 395, 0
1513, 3916, 6891, -89.2857, 0, 0
1514, 6053, 171, -58.8235, 433, 0
1515, 6053, 171, -60.2410, 491, 0
1516, 8829, 3044, -833.3333, 414, 0
1517, 1552, 1194, -138.8889, 1545, 0
1518, 3912, 3740, -217.3913, 338, 0
1519, 3912, 2695, -588.2353, 281, 0
1520, 3912, 2695, -1250.0000, 453, 0
1521, 3912, 8877, -151.5152, 338, 0
1522, 7520, 8222, -119.0476, 1447, 0
1523, 7520, 8222, -117.6471, 1447, 0
1524, 2421, 3610, -58.4795, 472, 0
1525, 2421, 1414, -27.1003, 529, 0
1526, 8879, 3610, -51.5464, 0, 0
1527, 8397, 5918, -46.9484, 414, 0
1528, 1914, 6982, -357.1429, 0, 0
1529, 7873, 6638, -74.6269, 281, 0
1530, 4562, 7702, -81.9672, 414, 0
1531, 4562, 7702, -85.4701, 319, 0
1532, 8835, 1156, -163.9344, 0, 0
1533, 8835, 1233, -166.6667, 0, 0
1534, 3390, 408, -1250.0000, 0, 0
1535, 3390, 7231, -1428.5714, 0, 0
1536, 3390, 5993, -120.4819, 395, 0
1537, 1910, 2550, -1000.0000, 0, 0
1538, 3975, 7353, -14.9925, 0, 0
1539, 3126, 7495, -32.8947, 338, 0
1540, 2689, 5753, -285.7143, 0, 0
1541, 1201, 4235, -112.3596, 414, 0
1542, 7626, 7076, -2500.0000, 395, 0
1543, 4823, 4060, -192.3077, 0, 0
1544, 4141, 1311, -121.9512, 657, 0
1545, 7124, 4566, -32.4675, 0, 0
1546, 7124, 8873, -1000.0000, 491, 0
1547, 6684, 5383, -98.0392, 472, 0
1548, 8151, 5383, -112.3596, 453, 0
1549, 4357, 6619, -147.0588, 414, 0
1550, 8191, 8765, -169.4915, 281, 0
1551, 7466, 5469, -29.9401, 529, 0
1552, 3401, 5351, -3333.3333, 0, 0
1553, 3760, 225, -135.1351, 491, 0
1554, 53, 4031, -41.3223, 414, 0
1555, 8222, 6921, -46.2963, 1578, 0
1556, 8222, 6921, -47.3934, 1677, 0
1557, 6556, 4239, -178.5714, 433, 0
1558, 6556, 4239, -161.2903, 472, 0
1559, 2940, 7178, -99.0099, 0, 0
1560, 3928, 2563, -500.0000, 433, 0
1561, 3928, 6521, -1428.5714, 395, 0
1562, 1923, 3830, -200.0000, 986, 0
1563, 1923, 5648, -204.0816, 1151, 0
1564, 2815, 4914, -1428.5714, 0, 0
1565, 2815, 4914, -1428.5714, 0, 0
1566, 4125, 1644, -32.2581, 1743, 0
1567, 163, 3498, -50.7614, 395, 0
1568, 163, 2430, -50.0000, 338, 0
1569, 7943, 9108, -270.2703, 395, 0
1570, 7943, 1478, -263.1579, 357, 0
1571, 2308, 3541, -175.4386, 0, 0
1572, 3535, 7582, -178.5714, 0, 0
1573, 2019, 8542, -714.2857, 0, 0
1574, 5174, 8542, -714.2857, 0, 0
1575, 7945, 5215, -303.0303, 0, 0
1576, 2057, 9130, -588.2353, 0, 0
1577, 2057, 9130, -625.0000, 0, 0
1578, 4661, 6816, -32.1543, 357, 0
1579, 7519, 776, -45.0450, 395, 0
1580, 8989, 3435, -2000.0000, 0, 0
1581, 7797, 2020, -2000.0000, 0, 0
1582, 871, 4031, -49.2611, 414, 0
1583, 871, 2878, -84.0336, 453, 0
1584, 7353, 9164, -35.2113, 414, 0
1585, 7974, 2012, -69.4444, 395, 0
1586, 7974, 2012, -68.4932, 395, 0
1587, 7974, 1750, -101.0101, 376, 0
1588, 1401, 2303, -20.4499, 300, 0
1589, 4504, 7903, -32.2581, 0, 0
1590, 5837, 449, -112.3596, 1447, 0
1591, 5837, 449, -114.9425, 1348, 0
1592, 5837, 1817, -28.7356, 1578, 0
1593, 5837, 2458, -106.3830, 1743, 0
1594, 5837, 6427, -113.6364, 1578, 0
1595, 5837, 1730, -60.2410, 0, 0
1596, 9217, 594, -43.4783, 300, 0
1597, 6351, 5393, -243.9024, 529, 0
1598, 6194, 7702, -30.4878, 0, 0
1599, 2503, 7491, -34.4828, 0, 0
1600, 4031, 2872, -243.9024, 0, 0
1601, 4031, 8043, -53.4759, 376, 0
1602, 1813, 2866, -58.4795, 338, 0
1603, 5365, 5417, -26.0417, 0, 0
1604, 5365, 4100, -86.9565, 414, 0
1605, 5365, 1556, -1666.6667, 300, 0
1606, 3894, 3865, -39.5257, 0, 0
1607, 128, 1554, -625.0000, 319, 0
1608, 198, 7994, -86.2069, 0, 0
1609, 198, 1554, -64.9351, 300, 0
1610, 2985, 3133, -30.3030, 300, 0
1611, 7316, 3071, -769.2308, 0, 0
1612, 6486, 8992, -75.7576, 338, 0
1613, 8485, 594, -23.8663, 338, 0
1614, 682, 8477, -250.0000, 300, 0
1615, 5146, 5488, -23.3645, 338, 0
1616, 6638, 776, -33.2226, 338, 0
1617, 8788, 789, -64.5161, 319, 0
1618, 6332, 1556, -185.1852, 0, 0
1619, 6332, 1556, -192.3077, 0, 0
1620, 1883, 7702, -30.9598, 0, 0
1621, 1883, 2132, -17.7936, 0, 0
1622, 171, 2341, -75.7576, 472, 0
1623, 6630, 10, -526.3158, 453, 0
1624, 4484, 4239, -625.0000, 433, 0
1625, 3044, 4235, -36.1011, 453, 0
1626, 851, 4454, -114.9425, 491, 0
1627, 3485, 2183, -357.1429, 1480, 0
1628, 1156, 7923, -113.6364, 319, 0
1629, 1156, 1233, -2500.0000, 453, 0
1630, 8913, 4852, -112.3596, 357, 0
1631, 4039, 1233, -2500.0000, 0, 0
1632, 4914, 2653, -2000.0000, 300, 0
1633, 4914, 2653, -2000.0000, 300, 0
1634, 4914, 556, -263.1579, 338, 0
1635, 4914, 3019, -357.1429, 0, 0
1636, 7994, 5256, -36.2319, 0, 0
1637, 1709, 3346, -50.0000, 1381, 0
1638, 1709, 8468, -116.2791, 1118, 0
1639, 7702, 1234, -51.5464, 300, 0
1640, 7702, 8035, -61.3497, 0, 0
1641, 8677, 3331, -39.8406, 0, 0
1642, 8189, 3643, -72.9927, 395, 0
1643, 3133, 8477, -55.2486, 414, 0
1644, 6744, 6101, -81.9672, 433, 0
1645, 8542, 4313, -625.0000, 0, 0
1646, 769, 5233, -41.8410, 319, 0
1647, 1965, 5926, -23.9234, 357, 0
1648, 9014, 3999, -769.2308, 0, 0
1649, 1917, 8406, -370.3704, 300, 0
1650, 1917, 2021, -384.6154, 376, 0
1651, 1917, 8293, -83.3333, 319, 0
1652, 4738, 3656, -28.4900, 0, 0
1653, 4738, 8477, -116.2791, 0, 0
1654, 7998, 1644, -140.8451, 657, 0
1655, 6734, 1015, -56.1798, 395, 0
1656, 6734, 8992, -50.5051, 0, 0
1657, 6734, 789, -79.3651, 510, 0
1658, 5004, 5393, -555.5556, 0, 0
1659, 1708, 3906, -2500.0000, 0, 0
1660, 9150, 3906, -2500.0000, 1710, 0
1661, 280, 9158, -17.6367, 357, 0
1662, 8043, 3656, -34.2466, 0, 0
1663, 5712, 8992, -68.0272, 414, 0
1664, 5712, 8466, -312.5000, 376, 0
1665, 5712, 6880, -333.3333, 376, 0
1666, 5215, 7266, -172.4138, 376, 0
1667, 8807, 8992, -158.7302, 357, 0
1668, 8807, 8992, -156.2500, 357, 0
1669, 8807, 8992, -196.0784, 0, 0
1670, 218, 2088, -33.4448, 395, 0
1671, 520, 5918, -63.6943, 414, 0
1672, 2653, 2128, -1250.0000, 319, 0
1673, 1216, 5233, -2500.0000, 0, 0
1674, 8980, 5993, -454.5455, 0, 0
1675, 5212, 5993, -454.5455, 0, 0
1676, 3656, 4060, -54.3478, 529, 0
1677, 883, 3331, -67.5676, 0, 0
1678, 5144, 3346, -24.5098, 1447, 0
1679, 3498, 2563, -17.6367, 357, 0
1680, 1896, 8200, -1000.0000, 657, 0
1681, 9130, 8864, -57.8035, 376, 0
1682, 3503, 2510, -94.3396, 433, 0
1683, 3503, 6146, -131.5789, 472, 0
1684, 401, 1584, -3333.3333, 395, 0
1685, 7328, 6921, -56.4972, 0, 0
1686, 7328, 6921, -50.0000, 1644, 0
1687, 6816, 5573, -35.3357, 319, 0
1688, 7396, 8564, -2000.0000, 0, 0
1689, 7396, 8564, -2000.0000, 0, 0
1690, 6921, 432, -98.0392, 1513, 0
1691, 6921, 432, -116.2791, 1677, 0
1692, 6921, 432, -77.5194, 1545, 0
1693, 6921, 432, -131.5789, 1611, 0
1694, 6921, 432, -129.8701, 1447, 0
1695, 6921, 8200, -43.6681, 1545, 0
1696, 2949, 3121, -25.9067, 395, 0
1697, 2949, 3121, -25.9067, 414, 0
1698, 953, 1730, -73.5294, 690, 0
1699, 1767, 892, -18.7970, 529, 0
1700, 4674, 4889, -212.7660, 338, 0
1701, 4674, 7076, -909.0909, 414, 0
1702, 1234, 8035, -163.9344, 357, 0
1703, 115, 225, -256.4103, 491, 0
1704, 5720, 8578, -29.7619, 414, 0
1705, 3579, 5469, -52.3560, 491, 0
1706, 3246, 124, -909.0909, 853, 0
1707, 8846, 4783, -909.0909, 853, 0
1708, 2393, 3306, -1111.1111, 853, 0
1709, 1895, 4480, -1111.1111, 853, 0
1710, 678, 4454, -909.0909, 510, 0
1711, 1002, 4852, -370.3704, 0, 0
1712, 6429, 2012, -270.2703, 0, 0
1713, 4889, 7076, -370.3704, 0, 0
1714, 5341, 7491, -196.0784, 414, 0
1715, 2563, 6521, -1250.0000, 376, 0
1716, 1111, 594, -81.3008, 0, 0
1717, 4747, 7791, -129.8701, 395, 0
1718, 3906, 3022, -181.8182, 1611, 0
1719, 3906, 1194, -161.2903, 1545, 0
1720, 5993, 8804, -92.5926, 529, 0
1721, 1798, 8487, -169.4915, 0, 0
1722, 2467, 7178, -68.4932, 414, 0
1723, 2132, 2303, -18.3486, 0, 0
1724, 8992, 8466, -90.9091, 433, 0
1725, 8992, 6880, -99.0099, 433, 0
1726, 8992, 2995, -70.4225, 319, 0
1727, 805, 3221, -37.0370, 395, 0
1728, 805, 3327, -70.9220, 510, 0
1729, 805, 8310, -33.6700, 491, 0
1730, 805, 2088, -128.2051, 529, 0
1731, 5383, 2021, -131.5789, 414, 0
1732, 5383, 4114, -303.0303, 0, 0
1733, 5383, 5519, -277.7778, 300, 0
1734, 5383, 8293, -250.0000, 376, 0
1735, 5383, 3435, -113.6364, 433, 0
1736, 7507, 6990, -322.5806, 0, 0
1737, 7507, 2406, -250.0000, 0, 0
1738, 7507, 2020, -102.0408, 281, 0
1739, 6478, 6146, -32.6797, 414, 0
1740, 4852, 2695, -111.1111, 338, 0
1741, 4852, 2695, -105.2632, 376, 0
1742, 4852, 5502, -113.6364, 0, 0
1743, 4852, 8877, -204.0816, 319, 0
1744, 4852, 9119, -181.8182, 453, 0
1745, 4852, 1151, -166.6667, 0, 0
1746, 2012, 1750, -232.5581, 433, 0
1747, 1478, 6616, -76.9231, 395, 0
1748, 809, 4594, -69.4444, 0, 0
1749, 8656, 4729, -1000.0000, 0, 0
1750, 4100, 615, -370.3704, 414, 0
1751, 4060, 5393, -222.2222, 529, 0
1752, 9203, 2426, -20.3666, 0, 0
1753, 9203, 2426, -40.1606, 591, 0
1754, 118, 2426, -40.9836, 591, 0
1755, 3145, 7770, -42.1941, 591, 0
1756, 7267, 4918, -38.9105, 591, 0
1757, 7267, 4918, -34.1297, 591, 0
1758, 839, 4506, -19.1939, 0, 0
1759, 839, 4506, -22.9885, 0, 0
1760, 3445, 6114, -35.3357, 591, 0
1761, 3445, 6114, -38.4615, 591, 0
1762, 3445, 7264, -39.2157, 591, 0
1763, 891, 6306, -25.4453, 0, 0
1764, 720, 1711, -37.5940, 591, 0
1765, 720, 1711, -38.0228, 591, 0
1766, 6206, 3240, -42.9185, 591, 0
1767, 6206, 3240, -37.8788, 591, 0
1768, 9174, 2924, -23.1481, 0, 0
1769, 9174, 2924, -22.6757, 0, 0
1770, 1355, 5856, -22.9358, 0, 0
1771, 1355, 5856, -24.2131, 0, 0
1772, 1355, 5856, -24.6914, 0, 0
1773, 3205, 4683, -22.9358, 0, 0
1774, 3205, 4683, -23.4742, 0, 0
1775, 5350, 2361, -32.4675, 591, 0
1776, 5350, 2361, -33.2226, 591, 0
1777, 5016, 6112, -37.8788, 591, 0
1778, 5016, 8860, -37.1747, 591, 0
1779, 7471, 549, -36.3636, 591, 0
1780, 7471, 549, -35.4610, 591, 0
1781, 549, 5002, -108.6957, 567, 0
1782, 5490, 3817, -22.4719, 0, 0
1783, 2854, 9112, -25.3165, 0, 0
1784, 2918, 6532, -40.9836, 591, 0
1785, 2918, 6532, -41.6667, 591, 0
1786, 4494, 7284, -38.9105, 591, 0
1787, 2656, 1775, -23.6407, 0, 0
1788, 3519, 5641, -23.8095, 0, 0
1789, 3543, 367, -35.7143, 591, 0
1790, 3543, 1833, -44.6429, 591, 0
1791, 2372, 367, -37.8788, 591, 0
1792, 2372, 367, -39.2157, 591, 0
1793, 1876, 7752, -40.6504, 591, 0
1794, 113, 7752, -41.6667, 591, 0
1795, 3499, 7289, -26.1780, 0, 0
1796, 3499, 7289, -24.3902, 0, 0
1797, 3082, 2083, -34.7222, 591, 0
1798, 6224, 2083, -36.9004, 591, 0
1799, 2174, 2083, -21.0526, 0, 0
1800, 4623, 1609, -35.3357, 591, 0
1801, 4623, 1609, -37.8788, 591, 0
1802, 4623, 1609, -38.9105, 591, 0
1803, 5589, 1001, -36.6300, 591, 0
1804, 5589, 1001, -37.4532, 591, 0
1805, 5589, 1001, -26.6667, 0, 0
1806, 5589, 1001, -28.4091, 0, 0
1807, 1198, 7473, -37.4532, 591, 0
1808, 1198, 7473, -36.3636, 591, 0
1809, 2479, 5482, -36.6300, 591, 0
1810, 2479, 5482, -35.5872, 591, 0
1811, 7831, 5525, -40.0000, 0, 0
1812, 7831, 5525, -43.8596, 0, 0
1813, 7831, 5525, -40.1606, 591, 0
1814, 4970, 7955, -41.3223, 591, 0
1815, 4970, 7955, -42.0168, 591, 0
1816, 5007, 7367, -24.8756, 0, 0
1817, 757, 3758, -34.6021, 591, 0
1818, 3697, 6952, -37.0370, 591, 0
1819, 3697, 6952, -21.8818, 0, 0
1820, 3697, 6952, -20.4499, 0, 0
1821, 3697, 6952, -38.6100, 591, 0
1822, 6738, 8180, -36.6300, 591, 0
1823, 6738, 8180, -36.7647, 591, 0
1824, 9222, 5935, -41.1523, 591, 0
1825, 7988, 804, -38.0228, 591, 0
1826, 7988, 804, -39.0625, 591, 0
1827, 3239, 1539, -38.0228, 591, 0
1828, 3239, 1539, -21.4133, 0, 0
1829, 2056, 4084, -37.1747, 591, 0
1830, 2056, 4084, -36.4964, 591, 0
1831, 4598, 5110, -22.2717, 0, 0
1832, 2129, 5110, -22.4719, 0, 0
1833, 5658, 5550, -29.1545, 0, 0
1834, 5658, 5550, -40.9836, 591, 0
1835, 2848, 1526, -42.0168, 591, 0
1836, 4541, 7464, -43.1034, 591, 0
1837, 4541, 7464, -37.5940, 591, 0
1838, 1754, 3857, -34.1297, 591, 0
1839, 1754, 3857, -33.3333, 591, 0
1840, 1754, 3857, -32.2581, 591, 0
1841, 2518, 4544, -38.9105, 591, 0
1842, 2518, 4544, -39.3701, 591, 0
1843, 3069, 6115, -112.3596, 491, 0
1844, 5067, 7641, -42.1941, 591, 0
1845, 6036, 8670, -42.5532, 591, 0
1846, 6036, 5522, -37.3134, 591, 0
1847, 8486, 8791, -21.1416, 0, 0
1848, 7530, 8791, -22.8311, 0, 0
1849, 7522, 7571, -32.6797, 591, 0
1850, 7522, 7571, -35.3357, 591, 0
1851, 7522, 7571, -35.5872, 591, 0
1852, 2526, 1483, -25.3807, 0, 0
1853, 2365, 8316, -41.3223, 591, 0
1854, 8672, 1860, -41.6667, 591, 0
1855, 8672, 1860, -41.8410, 591, 0
1856, 1494, 583, -24.0964, 0, 0
1857, 1494, 583, -23.4192, 0, 0
1858, 1502, 2795, -35.7143, 591, 0
1859, 8195, 933, -20.7469, 0, 0
1860, 8195, 933, -22.1239, 0, 0
1861, 8195, 933, -22.7273, 0, 0
1862, 3918, 6802, -22.4719, 0, 0
1863, 3918, 4025, -22.8311, 0, 0
1864, 4435, 2079, -42.0168, 591, 0
1865, 4435, 2079, -42.9185, 591, 0
1866, 4435, 2079, -37.4532, 591, 0
1867, 1081, 7361, -21.2766, 0, 0
1868, 9101, 2177, -36.3636, 591, 0
1869, 6555, 8475, -34.9650, 591, 0
1870, 6555, 8475, -37.8788, 591, 0
1871, 7056, 7577, -39.0625, 591, 0
1872, 7056, 7577, -40.1606, 591, 0
1873, 7056, 9051, -40.8163, 591, 0
1874, 6889, 6785, -24.2718, 0, 0
1875, 6889, 6785, -27.0270, 0, 0
1876, 6889, 6785, -37.5940, 591, 0
1877, 1027, 7148, -33.6700, 591, 0
1878, 1027, 44, -36.3636, 591, 0
1879, 5308, 7148, -32.6797, 591, 0
1880, 5308, 44, -35.0877, 591, 0
1881, 9213, 6231, -39.5257, 591, 0
1882, 9213, 8291, -40.4858, 591, 0
1883, 9213, 6842, -40.6504, 591, 0
1884, 3608, 6664, -42.0168, 591, 0
1885, 4339, 6570, -42.3729, 591, 0
1886, 4339, 6570, -37.7358, 591, 0
1887, 7513, 6570, -36.6300, 591, 0
1888, 7513, 6570, -36.2319, 591, 0
1889, 8887, 6639, -32.6797, 591, 0
1890, 8887, 6639, -35.3357, 591, 0
1891, 5461, 4816, -27.1739, 0, 0
1892, 5461, 4816, -27.2480, 0, 0
1893, 5461, 4816, -29.4118, 0, 0
1894, 5460, 3786, -38.4615, 591, 0
1895, 5460, 3786, -38.9105, 591, 0
1896, 7256, 4491, -89.2857, 586, 0
1897, 6153, 58, -147.0588, 1216, 0
1898, 6153, 6807, -21.2314, 0, 0
1899, 1465, 1262, -35.3357, 591, 0
1900, 1465, 1262, -38.9105, 591, 0
1901, 1465, 1551, -39.2157, 591, 0
1902, 7537, 1551, -36.7647, 591, 0
1903, 7537, 1551, -37.7358, 591, 0
1904, 6901, 4874, -37.7358, 591, 0
1905, 5241, 4, -24.8139, 0, 0
1906, 7520, 561, -38.6100, 591, 0
1907, 749, 4324, -43.6681, 948, 0
1908, 4141, 7124, -33.0033, 591, 0
1909, 4141, 7124, -32.6797, 591, 0
1910, 7466, 3649, -95.2381, 472, 0
1911, 8222, 6556, -40.3226, 591, 0
1912, 8222, 6556, -40.0000, 591, 0
1913, 8222, 6556, -41.4938, 591, 0
1914, 4125, 163, -42.0168, 591, 0
1915, 4125, 163, -43.2900, 591, 0
1916, 4125, 163, -23.3645, 0, 0
1917, 5837, 9217, -21.0526, 0, 0
1918, 5837, 1448, -33.3333, 591, 0
1919, 5837, 1448, -33.3333, 591, 0
1920, 8267, 5365, -24.3309, 0, 0
1921, 8267, 5365, -23.6967, 0, 0
1922, 2359, 8005, -24.2718, 0, 0
1923, 2359, 8005, -25.8398, 0, 0
1924, 8109, 171, -38.1679, 591, 0
1925, 8109, 171, -39.2157, 591, 0
1926, 3485, 1156, -34.3643, 591, 0
1927, 4734, 2229, -33.6700, 591, 0
1928, 1709, 7702, -36.2319, 591, 0
1929, 1709, 7702, -35.5872, 591, 0
1930, 905, 8189, -24.3309, 0, 0
1931, 8334, 8189, -24.9377, 0, 0
1932, 8334, 8189, -23.1481, 0, 0
1933, 7998, 6734, -37.5940, 854, 0
1934, 4196, 280, -24.8139, 0, 0
1935, 4196, 280, -24.6914, 0, 0
1936, 6475, 3503, -23.6967, 0, 0
1937, 6475, 3503, -23.2019, 0, 0
1938, 7328, 4235, -35.9712, 591, 0
1939, 7328, 4235, -35.8423, 591, 0
1940, 7328, 4235, -38.6100, 591, 0
1941, 6921, 2949, -40.0000, 591, 0
1942, 6921, 2949, -40.9836, 591, 0
1943, 3830, 306, -37.8788, 591, 0
1944, 5648, 306, -39.2157, 591, 0
1945, 1730, 115, -33.3333, 591, 0
1946, 1730, 115, -33.5570, 591, 0
1947, 2721, 5720, -36.3636, 591, 0
1948, 2721, 5720, -35.7143, 591, 0
1949, 432, 3246, -76.9231, 1151, 0
1950, 432, 8846, -78.7402, 1151, 0
1951, 432, 2393, -80.0000, 1151, 0
1952, 432, 1895, -81.9672, 1151, 0
1953, 432, 3412, -77.5194, 1151, 0
1954, 432, 5586, -79.3651, 1151, 0
1955, 432, 3112, -69.9301, 1151, 0
1956, 432, 3112, -68.4932, 1151, 0
1957, 432, 7857, -36.7647, 591, 0
1958, 960, 8497, -23.5849, 0, 0
1959, 960, 8497, -22.7273, 0, 0
1960, 3577, 5907, -40.1606, 591, 0
1961, 3577, 5907, -40.6504, 591, 0
1962, 3577, 5907, -41.6667, 591, 0
1963, 7164, 5918, -42.9185, 591, 0
1964, 7164, 5918, -37.8788, 591, 0
1965, 1798, 2467, -33.6700, 591, 0
1966, 1798, 2467, -33.1126, 591, 0
1967, 3346, 2132, -22.7273, 0, 0
1968, 3346, 2132, -38.3142, 591, 0
1969, 3346, 2132, -25.0627, 0, 0
1970, 3483, 8992, -40.0000, 591, 0
1971, 8886, 8992, -37.4532, 591, 0
1972, 2093, 805, -42.0168, 591, 0
1973, 2093, 805, -42.5532, 591, 0
1974, 221, 1541, -37.8788, 591, 0
1975, 8347, 5383, -37.0370, 591, 0
1976, 8347, 5383, -36.3636, 591, 0
1977, 8347, 5383, -35.3357, 591, 0
1978, 8347, 7507, -38.6100, 591, 0
1979, 8347, 7507, -38.1679, 591, 0
1980, 8347, 7507, -39.6825, 591, 0
1981, 4000, 4852, -41.3223, 591, 0
1982, 4000, 2012, -41.3223, 591, 0
1983, 2183, 4852, -42.9185, 591, 0
1984, 2183, 2012, -43.2900, 591, 0
1985, 1642, 7098, -37.4532, 591, 0
1986, 1642, 687, -37.0370, 591, 0
1987, 809, 7098, -36.2319, 591, 0
1988, 809, 687, -38.3142, 591, 0
1989, 4594, 8804, -38.6100, 591, 0
1990, 4594, 8804, -39.6825, 591, 0
1991, 2919, 4215, -37.3134, 591, 0
